     0/299     8.11G   0.03413   0.05602         0    0.3218   0.01366    0.4256       118       960    0.8557    0.8597    0.9101    0.6216   0.02425   0.01544         0
     1/299       10G   0.03122    0.0273         0    0.2252   0.01174    0.2955        81       960    0.8423    0.8116    0.8789    0.5709    0.0263   0.01678         0
     2/299       10G   0.03049   0.03028         0    0.1938   0.01073    0.2653        68       960    0.8245    0.7812    0.8485    0.5409   0.02734   0.01766         0
     3/299       10G   0.03011   0.03278         0    0.1806  0.009678    0.2532       114       960    0.8303    0.7941    0.8597    0.5565   0.02654   0.01733         0
     4/299       10G   0.02884   0.03194         0    0.1663  0.008941     0.236        98       960    0.8613    0.7968    0.8884    0.6044   0.02423   0.01639         0
     5/299       10G   0.02795   0.03137         0    0.1571  0.008519     0.225        88       960    0.8491    0.8097    0.8918    0.6103   0.02351   0.01608         0
     6/299       10G   0.02744   0.03111         0    0.1517  0.008269    0.2185        89       960    0.8563    0.8144    0.8954    0.6161   0.02334    0.0159         0
     7/299       10G    0.0271   0.03099         0    0.1479   0.00807     0.214        81       960    0.8466    0.8365    0.9039    0.6365    0.0222   0.01543         0
     8/299       10G    0.0266   0.03051         0    0.1435   0.00791    0.2085        92       960    0.8544    0.8289    0.9047    0.6407   0.02198   0.01533         0
     9/299       10G   0.02623    0.0303         0    0.1391  0.007786    0.2035        85       960    0.8552    0.8408    0.9094    0.6489   0.02159    0.0151         0
    10/299       10G   0.02602   0.03005         0    0.1371  0.007672    0.2009        94       960    0.8499    0.8459    0.9095    0.6539   0.02131   0.01499         0
    11/299       10G   0.02587   0.03003         0    0.1348   0.00761    0.1983       107       960      0.87    0.8336    0.9127     0.658   0.02108   0.01492         0
    12/299       10G   0.02578   0.02992         0    0.1335  0.007531    0.1967       119       960    0.8597    0.8439    0.9124    0.6604   0.02095   0.01486         0
    13/299       10G   0.02558   0.02986         0    0.1319  0.007469    0.1948       102       960    0.8633    0.8348    0.9135    0.6633   0.02078   0.01482         0
    14/299       10G   0.02537   0.02974         0    0.1292    0.0074    0.1918        83       960    0.8622    0.8403    0.9151     0.666   0.02067   0.01473         0
    15/299       10G    0.0253    0.0296         0    0.1288  0.007345    0.1911        87       960      0.85    0.8519    0.9149    0.6662   0.02063   0.01471         0
    16/299       10G   0.02519   0.02955         0    0.1272  0.007295    0.1892       100       960    0.8619    0.8438    0.9158    0.6673   0.02058   0.01468         0
    17/299       10G   0.02502   0.02946         0    0.1256  0.007254    0.1874       106       960    0.8694    0.8371    0.9156    0.6685   0.02049   0.01465         0
    18/299       10G   0.02493   0.02948         0    0.1241  0.007205    0.1857        91       960    0.8654    0.8419    0.9164    0.6693   0.02044   0.01461         0
    19/299       10G   0.02483   0.02944         0    0.1235  0.007175     0.185        91       960    0.8671    0.8415    0.9172    0.6706   0.02038   0.01459         0
    20/299       10G   0.02464   0.02909         0    0.1216  0.007128    0.1824       116       960    0.8597      0.85    0.9172    0.6709   0.02032   0.01457         0
    21/299       10G   0.02469   0.02908         0    0.1215   0.00711    0.1824        72       960    0.8676     0.843    0.9178    0.6713   0.02027   0.01455         0
    22/299       10G   0.02449     0.029         0    0.1194  0.007072      0.18       108       960    0.8653    0.8453    0.9179    0.6736   0.02022   0.01452         0
    23/299       10G   0.02446     0.029         0    0.1196  0.007054    0.1802       133       960    0.8661    0.8462    0.9182     0.674   0.02017    0.0145         0
    24/299       10G   0.02444   0.02898         0    0.1189  0.007024    0.1794        96       960    0.8615     0.851    0.9182    0.6748   0.02012   0.01447         0
    25/299       10G   0.02437   0.02888         0     0.118  0.006998    0.1783        95       960    0.8684    0.8454    0.9188    0.6755   0.02008   0.01446         0
    26/299       10G   0.02427   0.02878         0     0.117  0.006974     0.177        84       960    0.8664     0.847    0.9187    0.6771   0.02004   0.01444         0
    27/299       10G   0.02434   0.02893         0    0.1175  0.006959    0.1777       107       960     0.866    0.8479    0.9186    0.6779   0.01999   0.01443         0
    28/299       10G   0.02436   0.02904         0    0.1178  0.006941    0.1781       106       960     0.869    0.8463    0.9195    0.6787   0.01996   0.01441         0
    29/299       10G   0.02415   0.02882         0    0.1162  0.006916    0.1761        72       960    0.8696    0.8456    0.9194    0.6791   0.01993   0.01439         0
    30/299       10G   0.02411   0.02873         0    0.1155  0.006888    0.1752        77       960    0.8688    0.8465    0.9198    0.6795   0.01991   0.01437         0
    31/299       10G   0.02417   0.02879         0    0.1149  0.006869    0.1747        78       960    0.8614    0.8552    0.9195    0.6796   0.01987   0.01435         0
    32/299       10G   0.02404   0.02864         0    0.1141  0.006856    0.1737       113       960    0.8796    0.8374    0.9204    0.6803   0.01985   0.01434         0
    33/299       10G   0.02399   0.02874         0    0.1142   0.00686    0.1738        87       960    0.8592    0.8572    0.9207    0.6808   0.01982   0.01432         0
    34/299       10G    0.0239   0.02867         0    0.1127  0.006814    0.1721       114       960    0.8662      0.85    0.9205    0.6813    0.0198   0.01431         0
    35/299       10G   0.02389   0.02853         0    0.1123   0.00679    0.1715       108       960    0.8652     0.854    0.9208    0.6819   0.01977    0.0143         0
    36/299       10G   0.02395   0.02853         0    0.1127  0.006789     0.172       103       960    0.8603    0.8581    0.9208    0.6826   0.01975   0.01428         0
    37/299       10G    0.0239   0.02856         0    0.1119  0.006769    0.1711        98       960    0.8606    0.8572    0.9209    0.6838   0.01973   0.01428         0
    38/299       10G   0.02387   0.02844         0    0.1121  0.006748    0.1712        77       960     0.863    0.8553    0.9213    0.6841    0.0197   0.01426         0
    39/299       10G   0.02382   0.02844         0    0.1115  0.006738    0.1705        98       960     0.861    0.8573    0.9212    0.6846   0.01967   0.01425         0
    40/299       10G   0.02397   0.02891         0    0.1127  0.006749    0.1723        83       960    0.8613    0.8584    0.9218    0.6843   0.01965   0.01423         0
    41/299       10G   0.02373   0.02828         0    0.1105  0.006715    0.1692       112       960    0.8606    0.8591    0.9221    0.6846   0.01964   0.01422         0
    42/299       10G   0.02368   0.02829         0    0.1101  0.006698    0.1688        83       960    0.8664     0.853    0.9225     0.685   0.01962    0.0142         0
    43/299       10G   0.02373   0.02844         0      0.11  0.006696    0.1689        65       960    0.8642    0.8541    0.9221    0.6853    0.0196   0.01419         0
    44/299       10G    0.0237   0.02831         0    0.1093   0.00667     0.168        99       960    0.8724    0.8465    0.9222    0.6855   0.01958   0.01418         0
    45/299       10G   0.02367   0.02842         0     0.109   0.00666    0.1678        97       960    0.8723    0.8484    0.9228    0.6859   0.01956   0.01417         0
    46/299       10G   0.02357   0.02834         0    0.1087  0.006655    0.1672       104       960    0.8601    0.8594    0.9225    0.6863   0.01954   0.01416         0
    47/299       10G   0.02359   0.02845         0    0.1085  0.006631    0.1671       101       960    0.8695    0.8497    0.9225    0.6869   0.01951   0.01415         0
    48/299       10G   0.02355   0.02837         0    0.1081  0.006643    0.1667        95       960    0.8636    0.8551    0.9226    0.6878   0.01948   0.01413         0
    49/299       10G   0.02376   0.02856         0    0.1101  0.006653    0.1691        92       960     0.867    0.8535    0.9231    0.6876   0.01946   0.01412         0
    50/299       10G   0.02359    0.0284         0    0.1082  0.006617    0.1668        82       960    0.8742    0.8459    0.9238    0.6887   0.01944    0.0141         0
    51/299       10G   0.02364   0.02848         0     0.109   0.00662    0.1677       119       960    0.8786    0.8422    0.9236    0.6884   0.01942   0.01409         0
    52/299       10G   0.02337   0.02816         0    0.1063  0.006566    0.1644       112       960    0.8835    0.8386    0.9238    0.6894    0.0194   0.01407         0
    53/299       10G   0.02341   0.02822         0    0.1067  0.006572    0.1649        99       960      0.88    0.8419    0.9243    0.6895   0.01937   0.01406         0
    54/299       10G   0.02349   0.02828         0    0.1071  0.006587    0.1655        93       960    0.8619    0.8597    0.9247    0.6894   0.01935   0.01405         0
    55/299       10G    0.0235   0.02828         0    0.1065  0.006554    0.1648       105       960    0.8677    0.8528    0.9244    0.6892   0.01933   0.01404         0
    56/299       10G   0.02331    0.0282         0    0.1054  0.006539    0.1635        95       960     0.867    0.8537    0.9247    0.6899   0.01931   0.01403         0
    57/299       10G   0.02343   0.02815         0    0.1059   0.00654     0.164       101       960    0.8619     0.857    0.9247    0.6908   0.01928   0.01402         0
    58/299       10G   0.02335   0.02812         0    0.1057   0.00653    0.1637        79       960    0.8637    0.8564     0.925    0.6908   0.01927     0.014         0
    59/299       10G   0.02335    0.0281         0    0.1052   0.00652    0.1631       112       960    0.8618    0.8572    0.9248    0.6909   0.01925     0.014         0
    60/299       10G   0.02322   0.02804         0    0.1047  0.006509    0.1625        75       960    0.8816    0.8391     0.925    0.6918   0.01924   0.01399         0
    61/299       10G   0.02324   0.02799         0    0.1047  0.006497    0.1625       101       960    0.8636    0.8548    0.9251    0.6917   0.01922   0.01398         0
    62/299       10G   0.02322   0.02789         0    0.1042  0.006488    0.1618        94       960     0.863    0.8567    0.9251    0.6923    0.0192   0.01397         0
    63/299       10G   0.02314   0.02774         0    0.1033  0.006467    0.1606       109       960    0.8663    0.8545    0.9253    0.6921   0.01918   0.01396         0
    64/299       10G    0.0232   0.02799         0    0.1043  0.006486    0.1619       121       960    0.8647     0.856     0.926    0.6922   0.01917   0.01395         0
    65/299       10G   0.02341   0.02832         0    0.1065  0.006507    0.1647        77       960    0.8652    0.8567    0.9256    0.6928   0.01917   0.01395         0
    66/299       10G   0.02319   0.02802         0    0.1037  0.006462    0.1614       113       960    0.8661    0.8553    0.9256    0.6928   0.01916   0.01393         0
    67/299       10G   0.02312   0.02794         0    0.1029  0.006435    0.1604        91       960    0.8676    0.8555    0.9259    0.6936   0.01914   0.01391         0
    68/299       10G   0.02326   0.02815         0    0.1044  0.006462    0.1623       134       960    0.8715    0.8547    0.9266    0.6933   0.01914   0.01391         0
    69/299       10G   0.02321   0.02804         0    0.1035  0.006443    0.1612        90       960    0.8672    0.8596    0.9269    0.6937   0.01913    0.0139         0
    70/299       10G   0.02305   0.02787         0    0.1027  0.006432      0.16       141       960     0.877    0.8519    0.9271    0.6933   0.01911   0.01389         0
    71/299       10G   0.02306   0.02798         0    0.1031  0.006427    0.1606        89       960     0.871    0.8575    0.9274    0.6945   0.01909   0.01388         0
    72/299       10G   0.02306   0.02792         0    0.1027  0.006416    0.1601        98       960    0.8711    0.8563    0.9275    0.6942   0.01908   0.01388         0
    73/299       10G   0.02311   0.02798         0    0.1031  0.006414    0.1606       100       960    0.8667    0.8608    0.9273    0.6942   0.01906   0.01388         0
    74/299       10G   0.02299   0.02772         0    0.1022  0.006397    0.1593       106       960    0.8737    0.8539    0.9271    0.6941   0.01905   0.01387         0
    75/299       10G   0.02327   0.02816         0    0.1047  0.006422    0.1625       120       960    0.8688     0.857    0.9266     0.694   0.01905   0.01387         0
    76/299       10G   0.02317   0.02813         0    0.1033  0.006399     0.161        96       960    0.8701    0.8585    0.9275    0.6942   0.01904   0.01387         0
    77/299       10G     0.023   0.02785         0    0.1017  0.006384    0.1589       119       960    0.8639    0.8644    0.9271    0.6938   0.01904   0.01387         0
    78/299       10G   0.02305   0.02784         0    0.1027  0.006395      0.16       122       960    0.8653    0.8633     0.928     0.694   0.01903   0.01386         0
    79/299       10G   0.02314   0.02814         0    0.1033  0.006387     0.161        94       960    0.8757    0.8548    0.9282    0.6938   0.01902   0.01386         0
    80/299       10G   0.02297   0.02789         0    0.1021  0.006357    0.1594        84       960    0.8797    0.8511     0.928    0.6941     0.019   0.01385         0
    81/299       10G   0.02287   0.02764         0    0.1004  0.006341    0.1572       117       960    0.8754    0.8553    0.9281    0.6952   0.01898   0.01384         0
    82/299       10G   0.02275   0.02745         0   0.09976  0.006331    0.1563        99       960    0.8729    0.8582    0.9281    0.6953   0.01897   0.01383         0
    83/299       10G    0.0228   0.02767         0    0.1004  0.006341    0.1572        84       960    0.8726    0.8567    0.9277    0.6962   0.01896   0.01382         0
    84/299       10G   0.02286   0.02782         0     0.101  0.006343     0.158       105       960     0.869    0.8615    0.9276    0.6962   0.01895   0.01382         0
    85/299       10G   0.02292   0.02798         0    0.1017  0.006345    0.1589       103       960    0.8707    0.8591    0.9277    0.6956   0.01895   0.01382         0
    86/299       10G   0.02291   0.02786         0     0.101  0.006328    0.1581       100       960    0.8724    0.8559    0.9274    0.6972   0.01894    0.0138         0
    87/299       10G   0.02282   0.02781         0   0.09993  0.006316    0.1569       112       960    0.8703    0.8578    0.9274    0.6968   0.01893    0.0138         0
    88/299       10G   0.02272   0.02766         0    0.0993  0.006301     0.156       131       960    0.8667    0.8602    0.9273    0.6968   0.01891    0.0138         0
    89/299       10G   0.02264   0.02757         0   0.09861  0.006295    0.1551        88       960    0.8619    0.8648    0.9273    0.6976   0.01889   0.01379         0
    90/299       10G   0.02273   0.02762         0    0.1001  0.006309    0.1567       123       960    0.8649     0.864    0.9275    0.6981   0.01888   0.01379         0
    91/299       10G    0.0228   0.02763         0   0.09964  0.006284    0.1564        82       960    0.8656    0.8632    0.9275    0.6972   0.01887   0.01378         0
    92/299       10G   0.02273   0.02765         0   0.09929    0.0063     0.156        96       960    0.8733    0.8537    0.9268     0.697   0.01886   0.01378         0
    93/299       10G    0.0227   0.02753         0   0.09945  0.006281     0.156        76       960    0.8821    0.8462    0.9272    0.6977   0.01885   0.01378         0
    94/299       10G   0.02268   0.02755         0   0.09918   0.00626    0.1557        85       960    0.8611    0.8666    0.9277    0.6981   0.01884   0.01378         0
    95/299       10G   0.02265    0.0276         0   0.09859  0.006265    0.1551        93       960    0.8802    0.8487    0.9273    0.6981   0.01882   0.01377         0
    96/299       10G    0.0227   0.02761         0   0.09931  0.006266    0.1559        61       960    0.8773    0.8522    0.9273    0.6991   0.01882   0.01378         0
    97/299       10G   0.02264   0.02747         0   0.09846  0.006252    0.1548       103       960     0.882    0.8483    0.9274    0.6991   0.01882   0.01377         0
    98/299       10G   0.02259   0.02745         0   0.09847  0.006251    0.1548       101       960    0.8794    0.8501    0.9274    0.6983   0.01882   0.01376         0
    99/299       10G   0.02262   0.02774         0   0.09879  0.006247    0.1554       119       960    0.8797    0.8489    0.9274    0.6981   0.01881   0.01376         0
   100/299       10G   0.02252   0.02739         0   0.09776  0.006221    0.1539        98       960    0.8756    0.8539    0.9277    0.6981   0.01881   0.01375         0
   101/299       10G   0.02265   0.02762         0   0.09896  0.006235    0.1555       123       960    0.8719    0.8565    0.9275    0.6977   0.01881   0.01374         0
   102/299       10G   0.02258   0.02754         0   0.09863  0.006228     0.155        88       960    0.8774    0.8527    0.9276    0.6984   0.01881   0.01374         0
   103/299       10G   0.02259   0.02767         0   0.09868  0.006222    0.1552        99       960    0.8801    0.8519    0.9278    0.6984    0.0188   0.01373         0
   104/299       10G   0.02261   0.02763         0   0.09856  0.006217     0.155        83       960    0.8794    0.8517    0.9274    0.6987   0.01879   0.01373         0
   105/299       10G    0.0226   0.02751         0   0.09797  0.006214    0.1543       106       960    0.8713    0.8578    0.9269    0.6989   0.01877   0.01372         0
   106/299       10G   0.02249   0.02738         0   0.09722  0.006196    0.1533        96       960    0.8714    0.8568    0.9267    0.6994   0.01876   0.01372         0
   107/299       10G   0.02246   0.02748         0    0.0965  0.006177    0.1526       107       960    0.8688    0.8596    0.9268       0.7   0.01875   0.01371         0
   108/299       10G   0.02245   0.02729         0    0.0969  0.006168    0.1528       124       960    0.8633    0.8648    0.9268       0.7   0.01873    0.0137         0
   109/299       10G   0.02243   0.02755         0   0.09688  0.006171     0.153        64       960    0.8642    0.8652    0.9273       0.7   0.01871    0.0137         0
   110/299       10G   0.02241   0.02746         0   0.09668   0.00616    0.1527        99       960    0.8689    0.8622    0.9279    0.7001    0.0187   0.01369         0
   111/299       10G   0.02234   0.02737         0   0.09641   0.00616    0.1523       120       960    0.8714    0.8596    0.9278    0.6994   0.01868   0.01368         0
   112/299       10G   0.02227   0.02713         0    0.0955  0.006131     0.151        96       960    0.8735    0.8581    0.9279       0.7   0.01866   0.01367         0
   113/299       10G   0.02242   0.02747         0   0.09688  0.006152    0.1529        93       960    0.8749    0.8575    0.9282    0.7003   0.01866   0.01367         0
   114/299       10G   0.02245    0.0275         0   0.09716  0.006154    0.1533       100       960    0.8587    0.8743    0.9281    0.7001   0.01866   0.01366         0
   115/299       10G   0.02236   0.02736         0   0.09626   0.00614    0.1521        96       960     0.868    0.8626    0.9278     0.701   0.01864   0.01366         0
   116/299       10G   0.02229   0.02734         0   0.09563  0.006121    0.1514       105       960    0.8666    0.8633    0.9279    0.7006   0.01862   0.01365         0
   117/299       10G   0.02237    0.0274         0   0.09631  0.006127    0.1522       103       960    0.8833    0.8473    0.9278    0.7011   0.01861   0.01365         0
   118/299       10G   0.02228    0.0273         0   0.09593  0.006122    0.1516       105       960    0.8665    0.8648    0.9279    0.7011    0.0186   0.01364         0
   119/299       10G   0.02237   0.02739         0   0.09584  0.006103    0.1517        86       960    0.8649    0.8659    0.9277    0.7016    0.0186   0.01364         0
   120/299       10G   0.02229   0.02736         0    0.0957  0.006098    0.1515        76       960    0.8768    0.8528    0.9273    0.7015    0.0186   0.01365         0
   121/299       10G   0.02221   0.02722         0   0.09529  0.006087    0.1508        91       960    0.8791     0.852    0.9273    0.7015    0.0186   0.01366         0
   122/299       10G   0.02222   0.02741         0   0.09484   0.00608    0.1506        84       960    0.8742    0.8575    0.9275    0.7017   0.01857   0.01365         0
   123/299       10G   0.02206   0.02725         0   0.09446  0.006073    0.1498       125       960    0.8846    0.8474    0.9276    0.7021   0.01854   0.01364         0
   124/299       10G   0.02207   0.02713         0   0.09457  0.006081    0.1498        85       960    0.8842    0.8481    0.9277    0.7025   0.01853   0.01365         0
   125/299       10G   0.02214    0.0273         0   0.09493  0.006077    0.1504       124       960    0.8702    0.8623    0.9277    0.7018   0.01854   0.01366         0
   126/299       10G   0.02223   0.02718         0   0.09525  0.006075    0.1507       106       960    0.8691    0.8633    0.9273     0.702   0.01853   0.01366         0
   127/299       10G   0.02215   0.02727         0   0.09489  0.006063    0.1504       104       960    0.8718     0.861    0.9278    0.7022   0.01852   0.01366         0
   128/299       10G   0.02213   0.02727         0   0.09438  0.006061    0.1498        59       960    0.8654    0.8673    0.9279    0.7022   0.01852   0.01367         0
   129/299       10G   0.02216   0.02716         0   0.09449  0.006047    0.1499       132       960    0.8645    0.8686    0.9275    0.7028   0.01851   0.01367         0
   130/299       10G   0.02199   0.02691         0   0.09356  0.006033    0.1485        95       960    0.8736    0.8611    0.9279    0.7032    0.0185   0.01366         0
   131/299       10G   0.02202    0.0271         0   0.09367  0.006038    0.1488        96       960    0.8741    0.8606    0.9276    0.7023   0.01848   0.01365         0
   132/299       10G   0.02202   0.02723         0   0.09379  0.006031    0.1491        85       960    0.8874    0.8465    0.9274    0.7025   0.01848   0.01366         0
   133/299       10G   0.02205   0.02715         0    0.0939  0.006029    0.1491        73       960    0.8676    0.8638    0.9272    0.7031   0.01848   0.01366         0
   134/299       10G   0.02199   0.02712         0    0.0942  0.006016    0.1493        97       960    0.8753    0.8547     0.927     0.703   0.01847   0.01367         0
   135/299       10G   0.02203   0.02713         0   0.09455  0.006044    0.1498       101       960    0.8822    0.8485    0.9271    0.7025   0.01847   0.01367         0
   136/299       10G   0.02221   0.02754         0    0.0959  0.006043    0.1517        97       960    0.8754    0.8564    0.9274    0.7028   0.01845   0.01368         0
   137/299       10G   0.02191   0.02698         0   0.09283  0.005992    0.1477       121       960    0.8781     0.855    0.9277    0.7028   0.01844   0.01368         0
   138/299       10G   0.02184   0.02686         0   0.09266  0.005974    0.1473        95       960    0.8792    0.8537    0.9279    0.7032   0.01843   0.01368         0
   139/299       10G   0.02196   0.02702         0   0.09267  0.005973    0.1476       115       960    0.8776    0.8554    0.9276    0.7033   0.01842   0.01367         0
   140/299       10G   0.02189   0.02693         0   0.09272  0.005981    0.1475       108       960    0.8766    0.8577     0.928    0.7033   0.01842   0.01368         0
   141/299       10G   0.02188   0.02693         0   0.09257   0.00597    0.1474       117       960    0.8748    0.8593    0.9282     0.703    0.0184   0.01368         0
   142/299       10G   0.02187   0.02703         0   0.09257  0.005971    0.1474        79       960    0.8792    0.8539    0.9281    0.7037    0.0184   0.01368         0
   143/299       10G   0.02176   0.02688         0   0.09176  0.005958    0.1464        70       960    0.8728    0.8594    0.9287    0.7039   0.01839   0.01367         0
   144/299       10G   0.02188   0.02696         0   0.09303  0.005967    0.1478        88       960    0.8935    0.8391    0.9291    0.7044   0.01837   0.01366         0
   145/299       10G   0.02186   0.02697         0   0.09253  0.005946    0.1473       113       960     0.897    0.8367    0.9291    0.7047   0.01836   0.01365         0
   146/299       10G   0.02184   0.02695         0   0.09266  0.005962    0.1474        98       960    0.8822    0.8496    0.9291    0.7045   0.01836   0.01364         0
   147/299       10G   0.02167   0.02669         0   0.09104  0.005927    0.1453       135       960    0.8811     0.852    0.9289    0.7052   0.01835   0.01362         0
   148/299       10G   0.02185     0.027         0   0.09346  0.005959    0.1483        98       960     0.881    0.8523     0.929    0.7053   0.01835   0.01362         0
   149/299       10G   0.02169   0.02676         0   0.09135  0.005927    0.1457       104       960     0.875    0.8588    0.9292    0.7058   0.01834   0.01361         0
   150/299       10G    0.0216   0.02671         0   0.09075  0.005919     0.145       117       960    0.8861    0.8497    0.9293    0.7067   0.01833   0.01361         0
   151/299       10G   0.02158   0.02666         0   0.09099  0.005906    0.1451       105       960    0.8876    0.8487    0.9299    0.7074   0.01832   0.01359         0
   152/299       10G   0.02177    0.0268         0    0.0913  0.005904    0.1458        86       960    0.8786    0.8582    0.9301    0.7079   0.01832   0.01359         0
   153/299       10G   0.02156   0.02671         0    0.0905  0.005893    0.1447        99       960    0.8842    0.8521    0.9299    0.7073   0.01832   0.01358         0
   154/299       10G   0.02173   0.02713         0   0.09212  0.005928    0.1469       100       960    0.8857    0.8515    0.9302    0.7083   0.01831   0.01357         0
   155/299       10G   0.02157   0.02673         0   0.09061  0.005892    0.1448        80       960    0.8823    0.8547    0.9306    0.7076    0.0183   0.01356         0
   156/299       10G   0.02167    0.0268         0    0.0915  0.005899    0.1459        93       960     0.885    0.8516    0.9306    0.7075    0.0183   0.01356         0
   157/299       10G    0.0216   0.02683         0   0.09064   0.00588     0.145       129       960    0.8703    0.8663    0.9308    0.7083    0.0183   0.01356         0
   158/299       10G   0.02152   0.02669         0    0.0904  0.005866    0.1445        82       960    0.8839    0.8536    0.9307     0.708    0.0183   0.01356         0
   159/299       10G   0.02154    0.0267         0   0.09085  0.005877     0.145        86       960    0.8933    0.8465    0.9303    0.7077    0.0183   0.01355         0
   160/299       10G   0.02149   0.02669         0   0.08966  0.005858    0.1437       106       960    0.8744     0.865     0.931    0.7081    0.0183   0.01356         0
   161/299       10G   0.02134   0.02641         0   0.08926  0.005844    0.1429        97       960    0.8798    0.8595    0.9313    0.7078    0.0183   0.01356         0
   162/299       10G   0.02134   0.02654         0   0.08905  0.005838    0.1428        93       960    0.8821    0.8567    0.9308    0.7074   0.01829   0.01355         0
   163/299       10G   0.02132   0.02649         0   0.08927  0.005831    0.1429        78       960    0.8684    0.8696    0.9305    0.7079   0.01828   0.01355         0
   164/299       10G   0.02133   0.02655         0   0.08857  0.005817    0.1423        80       960    0.8831    0.8562    0.9305    0.7075   0.01827   0.01355         0
   165/299       10G   0.02134   0.02647         0   0.08897  0.005819    0.1426        93       960    0.8847     0.853    0.9306    0.7075   0.01826   0.01354         0
   166/299       10G   0.02142   0.02654         0   0.09011   0.00584    0.1439        92       960    0.8848    0.8541    0.9306    0.7074   0.01825   0.01354         0
   167/299       10G   0.02156    0.0269         0   0.09088  0.005851    0.1452       101       960    0.8804    0.8567    0.9305    0.7077   0.01825   0.01354         0
   168/299       10G   0.02143   0.02687         0   0.09029  0.005837    0.1444        89       960     0.868    0.8668    0.9302     0.708   0.01825   0.01354         0
   169/299       10G   0.02127    0.0265         0   0.08852  0.005793    0.1421        97       960    0.8705    0.8654    0.9301    0.7082   0.01824   0.01353         0
   170/299       10G   0.02126   0.02651         0   0.08881  0.005801    0.1424        83       960     0.868    0.8666    0.9306    0.7087   0.01823   0.01353         0
   171/299       10G   0.02119   0.02654         0   0.08828  0.005796    0.1418        86       960    0.8662    0.8673    0.9301    0.7087   0.01822   0.01352         0
   172/299       10G   0.02124   0.02645         0   0.08865  0.005784    0.1421       103       960    0.8667     0.866    0.9306    0.7087   0.01821   0.01352         0
   173/299       10G   0.02116   0.02655         0   0.08837  0.005784    0.1419       106       960    0.8756    0.8573    0.9306    0.7089   0.01821   0.01351         0
   174/299       10G   0.02117   0.02642         0   0.08806  0.005782    0.1414       107       960    0.8647     0.869    0.9305    0.7098    0.0182   0.01351         0
   175/299       10G   0.02111   0.02631         0   0.08749  0.005767    0.1407       100       960     0.868    0.8663    0.9307    0.7092    0.0182   0.01351         0
   176/299       10G   0.02121   0.02652         0   0.08917  0.005791    0.1427        97       960    0.8738    0.8618    0.9309    0.7103    0.0182   0.01351         0
   177/299       10G   0.02109   0.02625         0    0.0879  0.005755     0.141       104       960    0.8717    0.8634    0.9307     0.711   0.01819    0.0135         0
   178/299       10G   0.02102   0.02616         0   0.08686  0.005728    0.1398        92       960    0.8666    0.8691    0.9311    0.7105   0.01817   0.01349         0
   179/299       10G   0.02105   0.02647         0   0.08685  0.005747    0.1401        66       960     0.868    0.8699    0.9311     0.711   0.01816   0.01349         0
   180/299       10G   0.02105   0.02632         0   0.08726  0.005736    0.1404       109       960    0.8692    0.8676    0.9307    0.7115   0.01815   0.01348         0
   181/299       10G   0.02098   0.02623         0   0.08698  0.005725    0.1399        81       960    0.8726    0.8652    0.9306     0.712   0.01813   0.01347         0
   182/299       10G   0.02103   0.02643         0   0.08691  0.005732    0.1401        86       960    0.8713    0.8665    0.9309    0.7123   0.01813   0.01346         0
   183/299       10G   0.02098   0.02618         0   0.08652  0.005731    0.1394       117       960    0.8735    0.8662    0.9308    0.7122   0.01813   0.01346         0
   184/299       10G   0.02106   0.02649         0   0.08755  0.005735    0.1408        84       960    0.8729     0.866    0.9309     0.713   0.01813   0.01345         0
   185/299       10G   0.02088   0.02606         0   0.08656  0.005715    0.1392       100       960    0.8702    0.8663    0.9308     0.713   0.01813   0.01345         0
   186/299       10G    0.0209   0.02619         0   0.08626  0.005713    0.1391       114       960     0.883    0.8539    0.9305    0.7123   0.01812   0.01345         0
   187/299       10G   0.02086   0.02613         0   0.08654    0.0057    0.1392       108       960    0.8784     0.859    0.9309    0.7118   0.01811   0.01345         0
   188/299       10G   0.02074   0.02593         0   0.08531  0.005665    0.1376       133       960    0.8762    0.8622    0.9306    0.7126    0.0181   0.01344         0
   189/299       10G   0.02078   0.02594         0   0.08533  0.005674    0.1377        98       960    0.8761    0.8615    0.9307    0.7128   0.01809   0.01344         0
   190/299       10G   0.02071   0.02596         0   0.08517  0.005671    0.1375       116       960     0.879    0.8593    0.9306    0.7134   0.01808   0.01344         0
   191/299       10G   0.02071   0.02594         0   0.08466  0.005653     0.137       101       960    0.8821    0.8574    0.9307    0.7133   0.01808   0.01344         0
   192/299       10G    0.0209   0.02616         0   0.08657  0.005695    0.1393       104       960    0.8834    0.8564    0.9311    0.7128   0.01808   0.01343         0
   193/299       10G   0.02085   0.02614         0    0.0858  0.005672    0.1385       107       960    0.8874    0.8519    0.9308    0.7125   0.01808   0.01343         0
   194/299       10G   0.02071   0.02601         0   0.08516  0.005649    0.1375        92       960    0.8829    0.8561    0.9311    0.7124   0.01808   0.01342         0
   195/299       10G   0.02061   0.02589         0   0.08461  0.005627    0.1367        93       960    0.8828    0.8566    0.9315    0.7128   0.01808   0.01343         0
   196/299       10G   0.02083   0.02625         0   0.08524   0.00564     0.138       105       960    0.8812    0.8591    0.9321    0.7131   0.01807   0.01342         0
   197/299       10G   0.02061     0.026         0   0.08438  0.005623    0.1366        86       960    0.8657     0.875    0.9314    0.7135   0.01806   0.01342         0
   198/299       10G   0.02074    0.0261         0   0.08499   0.00564    0.1375        71       960    0.8663    0.8753     0.931    0.7134   0.01806   0.01342         0
   199/299       10G   0.02063     0.026         0   0.08456  0.005622    0.1368       105       960    0.8737    0.8681    0.9312    0.7132   0.01805   0.01342         0
   200/299       10G   0.02063   0.02607         0   0.08447  0.005609    0.1368       101       960    0.8731    0.8682    0.9314    0.7137   0.01804   0.01342         0
   201/299       10G    0.0207   0.02616         0   0.08466  0.005606    0.1371        85       960    0.8737    0.8681    0.9315    0.7133   0.01803   0.01342         0
   202/299       10G   0.02053   0.02586         0   0.08352  0.005588    0.1355       102       960    0.8786     0.864    0.9317    0.7141   0.01802   0.01342         0
   203/299       10G   0.02042    0.0258         0   0.08292   0.00558    0.1347        94       960     0.878    0.8652    0.9314     0.714   0.01802   0.01343         0
   204/299       10G   0.02047   0.02581         0   0.08327  0.005588    0.1351        92       960    0.8795    0.8628    0.9311    0.7139   0.01802   0.01343         0
   205/299       10G   0.02038   0.02568         0   0.08252  0.005565    0.1342       126       960    0.8801    0.8634    0.9313    0.7139   0.01801   0.01342         0
   206/299       10G   0.02051   0.02575         0   0.08336  0.005581    0.1352        96       960    0.8826    0.8608    0.9312    0.7143   0.01801   0.01342         0
   207/299       10G   0.02034   0.02565         0   0.08249  0.005557     0.134       124       960    0.8788    0.8638    0.9311    0.7142   0.01801   0.01342         0
   208/299       10G   0.02033   0.02569         0   0.08213  0.005542    0.1337       104       960    0.8767    0.8667    0.9314    0.7138     0.018   0.01341         0
   209/299       10G   0.02038   0.02582         0   0.08246  0.005548    0.1342       111       960    0.8786    0.8644    0.9315    0.7138   0.01799   0.01342         0
   210/299       10G   0.02027   0.02554         0   0.08252   0.00554    0.1339        93       960     0.869    0.8743    0.9313    0.7135   0.01799   0.01341         0
   211/299       10G   0.02021   0.02555         0   0.08217  0.005535    0.1335       111       960    0.8793    0.8629    0.9312    0.7136   0.01798   0.01341         0
   212/299       10G   0.02026    0.0256         0   0.08235  0.005537    0.1337        84       960     0.872    0.8707    0.9311    0.7139   0.01797    0.0134         0
   213/299       10G   0.02013   0.02549         0   0.08098  0.005504    0.1321       107       960    0.8739    0.8693    0.9312    0.7138   0.01796   0.01339         0
   214/299       10G   0.02023   0.02555         0   0.08177  0.005519    0.1331        98       960    0.8708     0.872    0.9313    0.7141   0.01795   0.01339         0
   215/299       10G    0.0201   0.02549         0   0.08081  0.005513    0.1319        56       960    0.8678    0.8737    0.9314    0.7143   0.01794   0.01338         0
   216/299       10G   0.02022   0.02561         0   0.08178  0.005506    0.1331       111       960    0.8698     0.874    0.9317    0.7144   0.01794   0.01337         0
   217/299       10G   0.02022   0.02566         0   0.08144  0.005496    0.1328        99       960    0.8704    0.8731     0.932    0.7145   0.01793   0.01337         0
   218/299       10G   0.02023    0.0256         0    0.0818  0.005513    0.1332        97       960    0.8754    0.8674    0.9315    0.7147   0.01792   0.01337         0
   219/299       10G   0.02011   0.02541         0   0.08072  0.005479    0.1317        63       960    0.8674    0.8755    0.9317    0.7141   0.01792   0.01337         0
   220/299       10G   0.02017   0.02557         0   0.08147  0.005485    0.1327        89       960    0.8679    0.8755    0.9317    0.7146   0.01792   0.01336         0
   221/299       10G   0.02007   0.02539         0   0.08095  0.005495    0.1319        78       960    0.8772    0.8656    0.9318    0.7147   0.01792   0.01336         0
   222/299       10G   0.02009   0.02529         0   0.08065  0.005483    0.1315       105       960    0.8805    0.8621     0.932    0.7151   0.01792   0.01336         0
   223/299       10G   0.02004   0.02542         0   0.08037  0.005472    0.1313       127       960    0.8824    0.8596    0.9323    0.7155   0.01792   0.01336         0
   224/299       10G   0.01998    0.0252         0   0.08013   0.00546    0.1308        84       960    0.8847    0.8575    0.9323    0.7168   0.01791   0.01335         0
   225/299       10G   0.01996   0.02522         0    0.0798  0.005453    0.1304        87       960    0.8722    0.8691     0.932    0.7168    0.0179   0.01335         0
   226/299       10G   0.02006   0.02537         0   0.08114  0.005477    0.1321        77       960    0.8751    0.8668     0.932    0.7159   0.01789   0.01335         0
   227/299       10G   0.02002   0.02543         0   0.08083  0.005453    0.1317        95       960    0.8904    0.8525    0.9321    0.7161   0.01788   0.01334         0
   228/299       10G    0.0199   0.02522         0   0.07964  0.005437    0.1302       106       960    0.8894    0.8534     0.932     0.717   0.01788   0.01333         0
   229/299       10G   0.01989   0.02523         0   0.07948  0.005414      0.13        70       960    0.8831    0.8602    0.9323    0.7169   0.01787   0.01332         0
   230/299       10G   0.01997    0.0253         0   0.07969  0.005439    0.1304        78       960    0.8811    0.8619    0.9319    0.7164   0.01787   0.01334         0
   231/299       10G   0.01993   0.02546         0    0.0795  0.005429    0.1303       102       960    0.8856    0.8575    0.9318    0.7161   0.01786   0.01334         0
   232/299       10G   0.01994   0.02535         0   0.08012  0.005432    0.1308       110       960    0.8791    0.8635     0.932    0.7162   0.01786   0.01334         0
   233/299       10G   0.01981    0.0251         0   0.07956   0.00542    0.1299        92       960    0.8797    0.8635    0.9322    0.7165   0.01786   0.01335         0
   234/299       10G   0.01984    0.0251         0   0.07929  0.005413    0.1296        86       960    0.8778     0.867    0.9324    0.7167   0.01785   0.01335         0
   235/299       10G   0.01979   0.02521         0   0.07937  0.005397    0.1298       134       960    0.8823    0.8619    0.9318    0.7169   0.01785   0.01334         0
   236/299       10G   0.01982   0.02527         0   0.07935  0.005405    0.1299        92       960    0.8832    0.8604    0.9319    0.7169   0.01785   0.01334         0
   237/299       10G   0.01999   0.02532         0   0.08023  0.005416     0.131        85       960    0.8782    0.8649    0.9319    0.7169   0.01785   0.01334         0
   238/299       10G    0.0199    0.0253         0   0.08023  0.005411    0.1308       112       960    0.8873    0.8582     0.932     0.716   0.01785   0.01334         0
   239/299       10G   0.01988   0.02529         0    0.0797  0.005414    0.1303        84       960    0.8846    0.8608    0.9322    0.7159   0.01785   0.01335         0
   240/299       10G   0.01978   0.02524         0   0.07914  0.005396    0.1296       106       960    0.8871    0.8594    0.9319     0.716   0.01784   0.01334         0
   241/299       10G   0.01982   0.02531         0   0.07939  0.005401    0.1299        96       960    0.8861    0.8605    0.9322    0.7159   0.01783   0.01334         0
   242/299       10G   0.01966   0.02494         0   0.07824  0.005359    0.1282       107       960    0.8908    0.8556    0.9319    0.7163   0.01782   0.01334         0
   243/299       10G   0.01978   0.02522         0   0.07914  0.005378    0.1295        98       960    0.8903    0.8555    0.9318    0.7159   0.01782   0.01334         0
   244/299       10G   0.01973   0.02503         0    0.0789  0.005377     0.129        99       960    0.8923     0.853    0.9317    0.7163   0.01783   0.01334         0
   245/299       10G   0.01964   0.02503         0   0.07846   0.00537    0.1285        88       960    0.8943    0.8502    0.9319     0.716   0.01783   0.01334         0
   246/299       10G   0.01964     0.025         0   0.07833  0.005348    0.1283        80       960    0.8878     0.856     0.931    0.7155   0.01783   0.01335         0
   247/299       10G   0.01951   0.02486         0   0.07753  0.005336    0.1272        87       960    0.8813    0.8617    0.9309    0.7159   0.01782   0.01336         0
   248/299       10G   0.01964   0.02503         0   0.07831  0.005362    0.1283       108       960     0.884    0.8591    0.9308    0.7157   0.01781   0.01336         0
   249/299       10G   0.01957   0.02497         0   0.07758  0.005326    0.1274       101       960    0.8883    0.8558    0.9308    0.7156    0.0178   0.01336         0
   250/299       10G   0.01957   0.02503         0   0.07734  0.005348    0.1273        76       960     0.891    0.8534    0.9312    0.7159    0.0178   0.01336         0
   251/299       10G   0.01959   0.02499         0   0.07754  0.005328    0.1275       129       960    0.8865    0.8568    0.9311    0.7161    0.0178   0.01336         0
   252/299       10G   0.01948   0.02471         0    0.0769  0.005309    0.1264       111       960    0.8849    0.8593    0.9313    0.7161   0.01779   0.01336         0
   253/299       10G   0.01958   0.02487         0   0.07786  0.005335    0.1276       141       960    0.8854    0.8587    0.9317    0.7162   0.01779   0.01335         0
   254/299       10G   0.01964   0.02513         0   0.07843  0.005334    0.1285       112       960    0.8709    0.8733    0.9318    0.7167   0.01779   0.01335         0
   255/299       10G   0.01956   0.02499         0   0.07734  0.005319    0.1272       100       960    0.8726    0.8725    0.9319    0.7163   0.01779   0.01334         0
   256/299       10G    0.0196   0.02512         0   0.07807  0.005326    0.1281       109       960    0.8706     0.874    0.9318    0.7166    0.0178   0.01335         0
   257/299       10G   0.01943   0.02483         0   0.07687  0.005294    0.1264        81       960    0.8781    0.8679    0.9318    0.7162    0.0178   0.01334         0
   258/299       10G   0.01947   0.02471         0    0.0768  0.005295    0.1263       108       960    0.8852    0.8618    0.9321    0.7163   0.01779   0.01334         0
   259/299       10G   0.01956   0.02498         0   0.07759  0.005301    0.1274        87       960    0.8849    0.8622    0.9327    0.7168   0.01779   0.01334         0
   260/299       10G   0.01936   0.02475         0   0.07658  0.005287     0.126       111       960    0.8859    0.8617    0.9327    0.7182   0.01778   0.01334         0
   261/299       10G   0.01939   0.02462         0   0.07646  0.005275    0.1257        83       960    0.8683    0.8766    0.9324    0.7184   0.01778   0.01334         0
   262/299       10G   0.01929   0.02461         0   0.07584  0.005269     0.125       114       960    0.8706    0.8742    0.9325    0.7185   0.01778   0.01335         0
   263/299       10G   0.01928    0.0246         0   0.07565  0.005264    0.1248       107       960    0.8615    0.8827    0.9324     0.719   0.01777   0.01334         0
   264/299       10G   0.01924   0.02463         0   0.07548  0.005256    0.1246       123       960    0.8864    0.8591    0.9326    0.7189   0.01776   0.01334         0
   265/299       10G   0.01942    0.0248         0   0.07705  0.005286    0.1266       103       960    0.8622    0.8844    0.9326    0.7186   0.01776   0.01333         0
   266/299       10G   0.01929   0.02477         0   0.07597   0.00526    0.1253        75       960    0.8858    0.8613    0.9328    0.7189   0.01776   0.01333         0
   267/299       10G   0.01935   0.02488         0   0.07599  0.005266    0.1255       102       960    0.8722    0.8732    0.9327    0.7185   0.01776   0.01333         0
   268/299       10G   0.01937   0.02478         0   0.07687  0.005272    0.1263        93       960     0.875    0.8709    0.9323    0.7191   0.01775   0.01333         0
   269/299       10G   0.01923   0.02453         0   0.07534  0.005234    0.1243        97       960    0.8732    0.8728    0.9324    0.7189   0.01775   0.01333         0
   270/299       10G   0.01916   0.02451         0   0.07524  0.005233    0.1241        86       960    0.8746    0.8712    0.9318    0.7186   0.01774   0.01333         0
   271/299       10G   0.01914   0.02451         0   0.07452  0.005227    0.1234        81       960    0.8746     0.871    0.9324    0.7189   0.01773   0.01332         0
   272/299       10G   0.01935   0.02465         0   0.07537  0.005237    0.1246        99       960    0.8755    0.8689    0.9322    0.7185   0.01774   0.01332         0
   273/299       10G   0.01921   0.02461         0   0.07542  0.005237    0.1245        77       960    0.8755    0.8687    0.9316    0.7185   0.01775   0.01332         0
   274/299       10G   0.01924   0.02461         0   0.07535  0.005237    0.1244        78       960    0.8612    0.8835    0.9316    0.7186   0.01776   0.01332         0
   275/299       10G   0.01919   0.02449         0    0.0752  0.005239    0.1241        98       960    0.8829    0.8611    0.9311    0.7187   0.01775   0.01332         0
   276/299       10G   0.01922   0.02443         0   0.07514  0.005227     0.124        83       960    0.8872    0.8582    0.9312    0.7182   0.01775   0.01332         0
   277/299       10G   0.01922   0.02466         0   0.07518  0.005232    0.1243        76       960    0.8823    0.8626    0.9312    0.7187   0.01775   0.01333         0
   278/299       10G   0.01911   0.02447         0   0.07466  0.005214    0.1235        78       960    0.8779    0.8692    0.9318    0.7193   0.01773   0.01333         0
   279/299       10G   0.01911   0.02446         0   0.07478  0.005222    0.1236       100       960    0.8746    0.8726    0.9317    0.7189   0.01772   0.01333         0
   280/299       10G   0.01918   0.02461         0   0.07508  0.005219    0.1241        90       960    0.8751    0.8711     0.932    0.7196   0.01771   0.01332         0
   281/299       10G   0.01907    0.0244         0    0.0745  0.005215    0.1232       100       960    0.8784    0.8662    0.9317    0.7195   0.01771   0.01333         0
   282/299       10G   0.01904   0.02434         0   0.07398  0.005194    0.1226        89       960    0.8799     0.865    0.9316    0.7195   0.01771   0.01333         0
   283/299       10G   0.01905   0.02431         0    0.0744  0.005198     0.123        88       960    0.8808    0.8647    0.9317    0.7192   0.01771   0.01332         0
   284/299       10G   0.01908   0.02438         0   0.07421  0.005197    0.1229        90       960    0.8787    0.8671    0.9316      0.72    0.0177   0.01331         0
   285/299       10G   0.01904   0.02436         0   0.07383  0.005186    0.1224       135       960    0.8815    0.8646    0.9318    0.7208    0.0177    0.0133         0
   286/299       10G   0.01918   0.02456         0   0.07535  0.005212    0.1243        77       960    0.8871    0.8612    0.9321    0.7212   0.01771   0.01329         0
   287/299       10G   0.01916   0.02441         0   0.07497  0.005211    0.1238        90       960    0.8947    0.8544    0.9323    0.7205   0.01771   0.01328         0
   288/299       10G   0.01913   0.02443         0   0.07457  0.005195    0.1233       108       960    0.8876    0.8608    0.9322    0.7206   0.01772   0.01328         0
   289/299       10G   0.01906   0.02441         0   0.07449  0.005189    0.1231       116       960    0.8884    0.8607    0.9318    0.7206   0.01772   0.01328         0
   290/299       10G   0.01898   0.02428         0   0.07381  0.005185    0.1223       103       960    0.8962     0.853    0.9318    0.7206   0.01772   0.01328         0
   291/299       10G   0.01917    0.0245         0   0.07464  0.005193    0.1235        70       960    0.8944    0.8547    0.9316    0.7208   0.01772   0.01328         0
   292/299       10G   0.01898   0.02433         0   0.07406  0.005184    0.1225        97       960    0.8893    0.8587    0.9316    0.7211   0.01772   0.01328         0
   293/299       10G   0.01903   0.02427         0   0.07413  0.005173    0.1226       108       960    0.8851    0.8612    0.9314     0.721   0.01772   0.01329         0
   294/299       10G   0.01897   0.02421         0   0.07344  0.005156    0.1218       120       960    0.8919    0.8551    0.9316    0.7208   0.01772   0.01328         0
   295/299       10G   0.01911   0.02436         0   0.07426  0.005185    0.1229       117       960    0.8939    0.8526    0.9315     0.721   0.01771   0.01328         0
   296/299       10G   0.01897    0.0244         0   0.07377  0.005178    0.1223       101       960    0.8927    0.8537    0.9312     0.721   0.01771   0.01328         0
   297/299       10G   0.01907   0.02451         0    0.0739  0.005182    0.1227       114       960     0.888    0.8583    0.9312    0.7206   0.01771   0.01328         0
   298/299       10G     0.019   0.02414         0   0.07364  0.005167    0.1219       100       960     0.888    0.8572    0.9318    0.7203   0.01771   0.01329         0
   299/299       10G   0.01914   0.02449         0   0.07427  0.005189    0.1231        94       960    0.8945    0.8512    0.9314    0.7205   0.01771   0.01329         0
