     0/299     3.61G   0.03706   0.06329         0    0.3356   0.01379    0.4498       246       960    0.8391    0.8067     0.877    0.5715   0.02584   0.01668         0
     1/299     6.57G   0.03011   0.03078         0    0.2593   0.01221    0.3324       208       960    0.8184    0.8031    0.8575    0.5375   0.02726    0.0174         0
     2/299     7.75G   0.03271   0.03247         0    0.2204   0.01124    0.2968       228       960     0.777    0.7379     0.801    0.4534   0.03068   0.01867         0
     3/299     8.93G   0.03301   0.03412         0    0.2029   0.01043    0.2805       207       960    0.7967    0.7742    0.8377    0.5099   0.02908   0.01803         0
     4/299     8.93G   0.03184   0.03391         0    0.1893  0.009674    0.2647       206       960    0.8258    0.7631    0.8437    0.5185   0.02819   0.01798         0
     5/299     8.93G   0.03117    0.0338         0     0.181  0.009135    0.2551       272       960    0.8441    0.7623    0.8564    0.5452   0.02711    0.0174         0
     6/299     8.93G   0.03065   0.03307         0     0.175  0.008778    0.2475       233       960    0.8276    0.7925    0.8654    0.5506    0.0269   0.01721         0
     7/299     8.93G   0.03029   0.03304         0    0.1709  0.008553    0.2427       206       960    0.8186    0.8009     0.868    0.5571   0.02619   0.01694         0
     8/299     8.93G      0.03   0.03281         0    0.1667  0.008378    0.2379       234       960    0.8396    0.7994    0.8754    0.5684   0.02577   0.01675         0
     9/299     8.93G   0.02979   0.03292         0    0.1637  0.008244    0.2346       178       960    0.8438     0.795    0.8753    0.5734   0.02545    0.0167         0
    10/299     8.93G   0.02963   0.03255         0    0.1609  0.008123    0.2312       199       960    0.8553    0.7801    0.8764    0.5783   0.02516   0.01658         0
    11/299     8.93G   0.02929   0.03239         0    0.1574  0.008022    0.2271       228       960     0.843     0.809    0.8837    0.5839   0.02497   0.01637         0
    12/299     8.93G   0.02917   0.03233         0    0.1563  0.007939    0.2258       219       960    0.8513    0.7969    0.8843    0.5883   0.02468   0.01632         0
    13/299     8.93G    0.0289   0.03208         0    0.1535  0.007872    0.2224       201       960    0.8513    0.8013    0.8854    0.5928   0.02448   0.01626         0
    14/299     8.93G   0.02885   0.03233         0    0.1528  0.007811    0.2218       198       960    0.8377    0.8128    0.8866    0.5953   0.02429    0.0162         0
    15/299     8.93G   0.02885   0.03214         0    0.1517  0.007757    0.2204       208       960    0.8601    0.7957    0.8873    0.5973   0.02422   0.01613         0
    16/299     8.93G   0.02863   0.03205         0    0.1499   0.00771    0.2183       196       960    0.8608    0.7971      0.89    0.6014   0.02403   0.01603         0
    17/299     8.93G   0.02856   0.03204         0    0.1488  0.007679    0.2171       211       960    0.8494    0.8107    0.8909    0.6033   0.02391   0.01599         0
    18/299     8.93G   0.02841   0.03192         0    0.1475   0.00761    0.2154       235       960    0.8543    0.8084    0.8913    0.6043   0.02383   0.01597         0
    19/299     8.93G   0.02827   0.03196         0    0.1459  0.007579    0.2137       230       960    0.8506    0.8137    0.8924     0.605   0.02377   0.01594         0
    20/299     8.93G   0.02819   0.03167         0     0.145  0.007552    0.2124       198       960    0.8555    0.8092    0.8925    0.6067    0.0237   0.01592         0
    21/299     8.93G   0.02816   0.03181         0    0.1439  0.007505    0.2114       233       960    0.8504    0.8152     0.893    0.6071   0.02365    0.0159         0
    22/299     8.93G   0.02803   0.03164         0    0.1429  0.007488    0.2101       194       960    0.8491     0.816    0.8929    0.6086   0.02361   0.01587         0
    23/299     8.93G   0.02792   0.03162         0    0.1419  0.007465    0.2089       186       960    0.8487    0.8186    0.8936    0.6096   0.02357   0.01584         0
    24/299     8.93G   0.02799   0.03168         0    0.1423  0.007449    0.2094       218       960    0.8533    0.8166    0.8942    0.6099   0.02351   0.01582         0
    25/299     8.93G   0.02782   0.03168         0    0.1408  0.007407    0.2077       228       960    0.8528    0.8161    0.8944    0.6106   0.02346   0.01579         0
    26/299     8.93G   0.02776   0.03153         0    0.1402  0.007392    0.2069       198       960    0.8552    0.8149    0.8941    0.6117   0.02343   0.01577         0
    27/299     8.93G   0.02781   0.03163         0    0.1397  0.007357    0.2065       219       960    0.8562    0.8156    0.8948    0.6126   0.02339   0.01575         0
    28/299     8.93G   0.02762   0.03133         0    0.1383  0.007337    0.2046       198       960    0.8557     0.815    0.8947    0.6134   0.02336   0.01573         0
    29/299     8.93G   0.02756   0.03126         0    0.1377  0.007315    0.2039       193       960    0.8538    0.8183    0.8954    0.6143   0.02333    0.0157         0
    30/299     8.93G   0.02765   0.03128         0    0.1385  0.007306    0.2047       210       960    0.8522    0.8207    0.8954    0.6145    0.0233   0.01568         0
    31/299     8.93G   0.02763   0.03142         0    0.1371  0.007286    0.2034       259       960    0.8525      0.82    0.8959    0.6153   0.02326   0.01566         0
    32/299     8.93G   0.02758   0.03143         0     0.137  0.007273    0.2033       234       960    0.8443    0.8289    0.8956    0.6154   0.02323   0.01565         0
    33/299     8.93G   0.02746   0.03125         0    0.1363  0.007253    0.2022       220       960     0.845    0.8295    0.8959     0.616    0.0232   0.01563         0
    34/299     8.93G   0.02745   0.03122         0    0.1354  0.007219    0.2012       213       960    0.8477    0.8279    0.8962    0.6165   0.02317   0.01561         0
    35/299     8.93G    0.0276   0.03151         0    0.1369  0.007245    0.2032       220       960    0.8523    0.8232    0.8965    0.6166   0.02315   0.01561         0
    36/299     8.93G   0.02741   0.03134         0    0.1356  0.007209    0.2016       222       960    0.8507    0.8256    0.8973    0.6173   0.02313    0.0156         0
    37/299     8.93G    0.0273   0.03111         0    0.1339  0.007192    0.1995       221       960    0.8577    0.8208    0.8978     0.618    0.0231   0.01558         0
    38/299     8.93G   0.02727   0.03118         0    0.1345  0.007188    0.2001       194       960    0.8565     0.821    0.8979     0.618   0.02307   0.01557         0
    39/299     8.93G   0.02745   0.03134         0    0.1352  0.007191    0.2012       241       960    0.8528    0.8219     0.898    0.6183   0.02306   0.01556         0
    40/299     8.93G   0.02728   0.03119         0    0.1336  0.007172    0.1992       268       960    0.8594    0.8177    0.8978    0.6185   0.02303   0.01555         0
    41/299     8.93G   0.02728   0.03116         0    0.1334  0.007155     0.199       208       960    0.8562    0.8202    0.8976    0.6196     0.023   0.01553         0
    42/299     8.93G   0.02725   0.03113         0    0.1333  0.007144    0.1989       196       960    0.8567    0.8199     0.898    0.6196   0.02298   0.01552         0
    43/299     8.93G   0.02708    0.0312         0    0.1323  0.007126    0.1977       214       960    0.8563     0.821    0.8984    0.6202   0.02295    0.0155         0
    44/299     8.93G   0.02707   0.03088         0    0.1317  0.007115    0.1967       255       960    0.8588    0.8182    0.8982    0.6203   0.02293   0.01549         0
    45/299     8.93G   0.02711     0.031         0    0.1315  0.007097    0.1967       276       960    0.8567    0.8205    0.8986     0.621    0.0229   0.01548         0
    46/299     8.93G   0.02705     0.031         0    0.1312   0.00708    0.1963       207       960     0.862    0.8153    0.8988    0.6216   0.02288   0.01546         0
    47/299     8.93G   0.02692   0.03095         0    0.1303  0.007072    0.1953       189       960    0.8472    0.8292    0.8991    0.6218   0.02285   0.01545         0
    48/299     8.93G   0.02698   0.03097         0    0.1305   0.00708    0.1956       251       960    0.8473    0.8289    0.8993    0.6218   0.02283   0.01544         0
    49/299     8.93G   0.02738    0.0314         0    0.1337  0.007118    0.1996       194       960    0.8659     0.813    0.8997    0.6219    0.0228   0.01543         0
    50/299     8.93G   0.02698   0.03109         0    0.1307  0.007063    0.1958       234       960    0.8623    0.8161    0.8998    0.6225   0.02278   0.01542         0
    51/299     8.93G   0.02704   0.03101         0      0.13  0.007046    0.1951       228       960    0.8725    0.8073       0.9    0.6233   0.02277   0.01541         0
    52/299     8.93G   0.02695   0.03085         0    0.1302  0.007038    0.1951       199       960    0.8656    0.8123    0.9001    0.6243   0.02275    0.0154         0
    53/299     8.93G   0.02692   0.03084         0    0.1295  0.007033    0.1942       217       960    0.8628    0.8148    0.9009    0.6248   0.02273    0.0154         0
    54/299     8.93G   0.02675   0.03073         0    0.1283  0.007011    0.1928       191       960    0.8596    0.8175    0.9003    0.6247    0.0227   0.01538         0
    55/299     8.93G   0.02695   0.03103         0    0.1297  0.007023    0.1947       200       960    0.8637    0.8142    0.9007    0.6252   0.02269   0.01537         0
    56/299     8.93G   0.02683   0.03092         0    0.1288  0.007015    0.1936       219       960    0.8596    0.8172     0.901    0.6258   0.02266   0.01536         0
    57/299     8.93G   0.02683   0.03097         0    0.1287  0.007001    0.1935       199       960    0.8635    0.8138    0.9011    0.6266   0.02264   0.01535         0
    58/299     8.93G   0.02679   0.03092         0    0.1286  0.006997    0.1933       233       960     0.844    0.8314    0.9011    0.6266   0.02262   0.01534         0
    59/299     8.93G   0.02677    0.0307         0    0.1276  0.006986    0.1921       232       960    0.8689    0.8073     0.901     0.627   0.02261   0.01534         0
    60/299     8.93G   0.02667   0.03073         0    0.1268  0.006968    0.1912       240       960    0.8716    0.8067    0.9013     0.627   0.02259   0.01533         0
    61/299     8.93G    0.0267   0.03068         0    0.1262  0.006951    0.1905       156       960    0.8395     0.836    0.9014     0.628   0.02257   0.01532         0
    62/299     8.93G    0.0266   0.03059         0     0.126  0.006946    0.1902       202       960    0.8372    0.8394    0.9019    0.6283   0.02256    0.0153         0
    63/299     8.93G   0.02665   0.03077         0    0.1267  0.006943     0.191       198       960    0.8743     0.806    0.9023    0.6293   0.02254   0.01529         0
    64/299     8.93G   0.02652   0.03058         0    0.1253  0.006938    0.1893       205       960    0.8727     0.808    0.9023    0.6299   0.02252   0.01529         0
    65/299     8.93G   0.02672   0.03092         0    0.1268  0.006947    0.1914       218       960    0.8716    0.8101    0.9033      0.63    0.0225   0.01528         0
    66/299     8.93G   0.02658    0.0308         0    0.1261  0.006934    0.1905       192       960    0.8706    0.8106    0.9031    0.6304   0.02248   0.01527         0
    67/299     8.93G   0.02667   0.03084         0    0.1273   0.00693    0.1917       216       960    0.8704    0.8117    0.9029    0.6299   0.02247   0.01527         0
    68/299     8.93G    0.0266   0.03064         0    0.1259  0.006915      0.19       238       960    0.8726    0.8087    0.9029    0.6295   0.02246   0.01527         0
    69/299     8.93G   0.02656   0.03044         0     0.125   0.00691    0.1889       200       960    0.8652    0.8161    0.9029      0.63   0.02243   0.01526         0
    70/299     8.93G   0.02643   0.03058         0    0.1246  0.006891    0.1885       200       960    0.8679    0.8161    0.9034    0.6305   0.02241   0.01525         0
    71/299     8.93G   0.02654   0.03067         0    0.1252  0.006905    0.1893       200       960    0.8686    0.8156    0.9039    0.6307   0.02239   0.01525         0
    72/299     8.93G   0.02651   0.03066         0    0.1251  0.006897    0.1892       218       960    0.8623     0.821    0.9038    0.6312   0.02238   0.01524         0
    73/299     8.93G   0.02684   0.03113         0    0.1289  0.006942    0.1938       206       960    0.8623    0.8218    0.9039    0.6316   0.02237   0.01524         0
    74/299     8.93G   0.02648   0.03066         0    0.1249  0.006875    0.1889       203       960    0.8648    0.8201    0.9042    0.6319   0.02236   0.01523         0
    75/299     8.93G    0.0264   0.03066         0    0.1243  0.006883    0.1882       176       960    0.8618    0.8227    0.9041    0.6327   0.02234   0.01522         0
    76/299     8.93G   0.02646   0.03066         0    0.1248   0.00688    0.1888       210       960    0.8622    0.8216    0.9041    0.6334   0.02232   0.01521         0
    77/299     8.93G   0.02647   0.03071         0    0.1247  0.006873    0.1888       229       960    0.8743    0.8114    0.9035    0.6335    0.0223    0.0152         0
    78/299     8.93G   0.02636   0.03057         0    0.1232  0.006837    0.1869       236       960    0.8739    0.8125    0.9043    0.6337   0.02228    0.0152         0
    79/299     8.93G   0.02649   0.03071         0    0.1247  0.006866    0.1888       180       960    0.8662    0.8194    0.9043    0.6337   0.02226   0.01519         0
    80/299     8.93G   0.02656   0.03064         0    0.1255  0.006867    0.1895       208       960    0.8695    0.8177     0.904    0.6343   0.02224   0.01519         0
    81/299     8.93G   0.02632   0.03066         0    0.1229   0.00684    0.1867       182       960    0.8729    0.8156    0.9041    0.6351   0.02222   0.01518         0
    82/299     8.93G   0.02623    0.0304         0    0.1225  0.006821     0.186       232       960    0.8682    0.8206    0.9045    0.6357    0.0222   0.01518         0
    83/299     8.93G   0.02631   0.03054         0     0.123  0.006831    0.1866       220       960    0.8704    0.8182    0.9048     0.636   0.02219   0.01517         0
    84/299     8.93G   0.02624   0.03035         0    0.1226  0.006813     0.186       172       960    0.8708    0.8164    0.9048     0.636   0.02218   0.01516         0
    85/299     8.93G   0.02617   0.03037         0    0.1221  0.006811    0.1855       215       960    0.8694     0.818    0.9047    0.6359   0.02216   0.01515         0
    86/299     8.93G   0.02619   0.03036         0    0.1224  0.006809    0.1857       207       960    0.8701     0.819    0.9054    0.6363   0.02214   0.01514         0
    87/299     8.93G   0.02614   0.03029         0    0.1212  0.006795    0.1844       193       960    0.8661    0.8209    0.9051    0.6369   0.02212   0.01513         0
    88/299     8.93G   0.02622   0.03049         0    0.1221  0.006801    0.1856       224       960    0.8647    0.8232    0.9051    0.6375   0.02211   0.01513         0
    89/299     8.93G   0.02615   0.03038         0    0.1215  0.006769    0.1848       198       960    0.8659    0.8218    0.9048    0.6371   0.02209   0.01512         0
    90/299     8.93G   0.02607   0.03041         0    0.1215  0.006789    0.1847       215       960    0.8617    0.8251    0.9052    0.6377   0.02208   0.01512         0
    91/299     8.93G   0.02617   0.03044         0    0.1218  0.006785    0.1852       203       960    0.8729    0.8152    0.9062    0.6382   0.02206   0.01511         0
    92/299     8.93G   0.02614   0.03037         0    0.1218  0.006776    0.1851       202       960    0.8727     0.816    0.9066    0.6382   0.02204    0.0151         0
    93/299     8.93G   0.02613   0.03054         0    0.1213  0.006767    0.1847       213       960    0.8738    0.8152    0.9066    0.6384   0.02202    0.0151         0
    94/299     8.93G   0.02607   0.03031         0    0.1207  0.006746    0.1838       225       960    0.8525    0.8339    0.9068    0.6382   0.02201   0.01509         0
    95/299     8.93G   0.02603   0.03025         0    0.1205  0.006764    0.1836       180       960    0.8556    0.8309    0.9068    0.6385   0.02199   0.01509         0
    96/299     8.93G   0.02605   0.03034         0    0.1208  0.006759     0.184       176       960    0.8588    0.8271    0.9067    0.6387   0.02198   0.01508         0
    97/299     8.93G   0.02605   0.03041         0    0.1205  0.006763    0.1838       197       960    0.8508    0.8355    0.9065    0.6388   0.02197   0.01508         0
    98/299     8.93G   0.02606   0.03043         0    0.1204   0.00674    0.1837       209       960    0.8663    0.8199    0.9065    0.6385   0.02196   0.01507         0
    99/299     8.93G   0.02602   0.03025         0      0.12  0.006734    0.1829       206       960     0.876    0.8111    0.9065    0.6394   0.02194   0.01507         0
   100/299     8.93G   0.02599   0.03016         0    0.1204  0.006742    0.1833       175       960    0.8762    0.8114    0.9065    0.6399   0.02192   0.01506         0
   101/299     8.93G   0.02586   0.03021         0    0.1194  0.006715    0.1822       224       960    0.8641    0.8217    0.9065    0.6406    0.0219   0.01506         0
   102/299     8.93G   0.02591    0.0304         0    0.1197  0.006726    0.1828       192       960    0.8529    0.8324    0.9069    0.6405   0.02187   0.01505         0
   103/299     8.93G   0.02583   0.03002         0    0.1184  0.006687     0.181       204       960    0.8576    0.8297    0.9071    0.6408   0.02186   0.01504         0
   104/299     8.93G   0.02591   0.03034         0    0.1196  0.006723    0.1825       184       960    0.8634    0.8266    0.9078    0.6414   0.02185   0.01504         0
   105/299     8.93G   0.02589   0.03019         0     0.119  0.006705    0.1818       234       960    0.8638     0.826    0.9078    0.6416   0.02184   0.01504         0
   106/299     8.93G   0.02584   0.03003         0    0.1186  0.006685    0.1811       194       960    0.8583    0.8308    0.9072    0.6418   0.02183   0.01503         0
   107/299     8.93G   0.02587   0.03026         0    0.1192  0.006697     0.182       199       960    0.8613    0.8281    0.9071    0.6416   0.02182   0.01503         0
   108/299     8.93G   0.02592   0.03022         0    0.1191  0.006685    0.1819       216       960     0.864    0.8259     0.907    0.6422   0.02182   0.01502         0
   109/299     8.93G   0.02588   0.03037         0    0.1191  0.006687    0.1821       196       960    0.8616    0.8292    0.9072     0.642   0.02181   0.01502         0
   110/299     8.93G   0.02589   0.03033         0    0.1189  0.006685    0.1818       211       960    0.8612    0.8287    0.9074    0.6423    0.0218   0.01502         0
   111/299     8.93G   0.02587   0.03035         0    0.1192   0.00668    0.1821       179       960    0.8521     0.838    0.9077    0.6424   0.02179   0.01502         0
   112/299     8.93G   0.02587   0.03013         0    0.1193  0.006682     0.182       215       960    0.8503    0.8396    0.9078    0.6427   0.02177   0.01502         0
   113/299     8.93G   0.02571   0.03016         0     0.118  0.006668    0.1805       231       960    0.8515    0.8391    0.9077    0.6424   0.02176   0.01501         0
   114/299     8.93G   0.02563   0.02994         0    0.1166  0.006637    0.1788       200       960    0.8504    0.8396    0.9075    0.6429   0.02175     0.015         0
   115/299     8.93G   0.02565   0.03017         0     0.117  0.006633    0.1795       183       960    0.8519    0.8393     0.908    0.6432   0.02173   0.01499         0
   116/299     8.93G   0.02574    0.0302         0    0.1183  0.006663    0.1809       188       960    0.8631    0.8295     0.908    0.6431   0.02172   0.01499         0
   117/299     8.93G   0.02579   0.03011         0    0.1188  0.006655    0.1814       214       960    0.8746    0.8192     0.908    0.6435   0.02171   0.01498         0
   118/299     8.93G   0.02591   0.03036         0      0.12  0.006674     0.183       202       960    0.8738    0.8209    0.9074    0.6435   0.02171   0.01498         0
   119/299     8.93G   0.02568   0.03011         0    0.1174  0.006625    0.1798       232       960    0.8576    0.8363    0.9074    0.6442    0.0217   0.01497         0
   120/299     8.93G   0.02562   0.02992         0    0.1165  0.006608    0.1787       252       960    0.8588    0.8353    0.9076    0.6445   0.02169   0.01497         0
   121/299     8.93G   0.02562   0.03007         0    0.1168  0.006628    0.1792       241       960     0.856    0.8378    0.9077    0.6445   0.02167   0.01497         0
   122/299     8.93G   0.02566   0.03021         0    0.1173  0.006642    0.1799       153       960    0.8589    0.8346    0.9082    0.6446   0.02166   0.01496         0
   123/299     8.93G    0.0256   0.02992         0     0.117  0.006608    0.1791       211       960    0.8664    0.8262    0.9081    0.6446   0.02164   0.01496         0
   124/299     8.93G   0.02554   0.03011         0    0.1163  0.006604    0.1786       245       960    0.8513    0.8405    0.9081    0.6449   0.02163   0.01496         0
   125/299     8.93G   0.02559   0.03002         0    0.1167  0.006598    0.1789       170       960    0.8536    0.8391    0.9086    0.6453   0.02161   0.01495         0
   126/299     8.93G   0.02551   0.02993         0    0.1166  0.006589    0.1787       214       960     0.853    0.8396    0.9084    0.6454    0.0216   0.01495         0
   127/299     8.93G   0.02547   0.02999         0    0.1163  0.006605    0.1784       194       960    0.8555    0.8378    0.9087    0.6454    0.0216   0.01494         0
   128/299     8.93G   0.02544   0.02987         0    0.1156  0.006574    0.1774       231       960    0.8544    0.8388    0.9088    0.6451   0.02159   0.01494         0
   129/299     8.93G   0.02544   0.02996         0    0.1159   0.00659    0.1779       172       960    0.8708    0.8226    0.9088     0.646   0.02158   0.01494         0
   130/299     8.93G   0.02541   0.02982         0     0.116  0.006573    0.1778       232       960    0.8615    0.8308    0.9085    0.6461   0.02157   0.01494         0
   131/299     8.93G   0.02552   0.03004         0    0.1163  0.006584    0.1785       197       960    0.8653    0.8272    0.9076    0.6462   0.02156   0.01493         0
   132/299     8.93G   0.02536   0.02998         0    0.1151  0.006545     0.177       184       960    0.8699    0.8218     0.908    0.6461   0.02155   0.01493         0
   133/299     8.93G   0.02529    0.0298         0    0.1151  0.006549    0.1767       187       960    0.8696    0.8224    0.9079    0.6464   0.02154   0.01493         0
   134/299     8.93G   0.02529   0.02977         0    0.1143  0.006542    0.1759       190       960    0.8665    0.8267    0.9085    0.6468   0.02152   0.01492         0
   135/299     8.93G   0.02522   0.02972         0    0.1143   0.00653    0.1758       201       960    0.8706     0.823    0.9086    0.6469   0.02151   0.01492         0
   136/299     8.93G   0.02515   0.02977         0    0.1136  0.006528     0.175       218       960    0.8693    0.8259    0.9093    0.6472    0.0215   0.01491         0
   137/299     8.93G   0.02523   0.02966         0     0.114  0.006528    0.1754       189       960    0.8709    0.8255    0.9095    0.6471   0.02149   0.01491         0
   138/299     8.93G   0.02533   0.02995         0     0.115  0.006533    0.1768       198       960    0.8711    0.8238    0.9096    0.6471   0.02148    0.0149         0
   139/299     8.93G   0.02524   0.02993         0    0.1145  0.006525    0.1762       213       960     0.865    0.8283    0.9096    0.6477   0.02148    0.0149         0
   140/299     8.93G   0.02512   0.02965         0    0.1131  0.006502    0.1744       224       960     0.873    0.8227    0.9095    0.6479   0.02148   0.01489         0
   141/299     8.93G   0.02529   0.02982         0    0.1144  0.006518     0.176       208       960    0.8751    0.8208    0.9097    0.6481   0.02148   0.01489         0
   142/299     8.93G   0.02517   0.02966         0    0.1132    0.0065    0.1746       200       960     0.873    0.8221    0.9097    0.6481   0.02147   0.01488         0
   143/299     8.93G   0.02518   0.02976         0    0.1138  0.006503    0.1753       205       960    0.8615    0.8333    0.9099     0.648   0.02146   0.01488         0
   144/299     8.93G   0.02517   0.02982         0    0.1137  0.006497    0.1752       199       960    0.8526    0.8416      0.91    0.6481   0.02145   0.01488         0
   145/299     8.93G   0.02511   0.02976         0    0.1134  0.006484    0.1747       223       960    0.8571    0.8377    0.9097     0.648   0.02144   0.01487         0
   146/299     8.93G   0.02513    0.0298         0    0.1129  0.006481    0.1743       214       960    0.8663    0.8281    0.9097    0.6488   0.02142   0.01487         0
   147/299     8.93G   0.02511   0.02965         0     0.114  0.006491    0.1753       196       960     0.866    0.8301    0.9104    0.6487    0.0214   0.01486         0
   148/299     8.93G   0.02506   0.02972         0    0.1134  0.006502    0.1747       199       960    0.8649    0.8317    0.9106    0.6492   0.02139   0.01486         0
   149/299     8.93G   0.02498   0.02956         0     0.113  0.006466     0.174       195       960    0.8656    0.8314    0.9108    0.6496   0.02139   0.01485         0
   150/299     8.93G   0.02503   0.02972         0    0.1125  0.006466    0.1737       193       960    0.8602    0.8357    0.9109    0.6501   0.02137   0.01485         0
   151/299     8.93G   0.02497    0.0296         0    0.1121  0.006454    0.1731       175       960    0.8587    0.8383    0.9108      0.65   0.02136   0.01484         0
   152/299     8.93G   0.02504   0.02969         0    0.1132  0.006464    0.1744       187       960    0.8596    0.8364    0.9106    0.6505   0.02134   0.01484         0
   153/299     8.93G   0.02497   0.02967         0     0.113  0.006453    0.1741       223       960    0.8653    0.8295    0.9107    0.6501   0.02133   0.01484         0
   154/299     8.93G   0.02498   0.02969         0    0.1125  0.006456    0.1736       189       960    0.8677    0.8271    0.9106    0.6502   0.02132   0.01484         0
   155/299     8.93G   0.02497   0.02967         0    0.1127  0.006438    0.1738       220       960    0.8694    0.8264    0.9109    0.6503   0.02131   0.01484         0
   156/299     8.93G   0.02482   0.02944         0    0.1114  0.006427    0.1721       208       960    0.8727    0.8227    0.9106    0.6504   0.02131   0.01483         0
   157/299     8.93G   0.02482   0.02943         0    0.1118  0.006436    0.1725       236       960    0.8727    0.8234    0.9109    0.6506    0.0213   0.01483         0
   158/299     8.93G   0.02486   0.02942         0    0.1118  0.006431    0.1725       186       960    0.8715    0.8244    0.9112    0.6509   0.02129   0.01483         0
   159/299     8.93G   0.02486   0.02945         0    0.1123  0.006444     0.173       201       960    0.8689    0.8267    0.9114    0.6511   0.02128   0.01482         0
   160/299     8.93G   0.02502   0.02981         0    0.1136  0.006445    0.1749       238       960    0.8644    0.8293    0.9114    0.6509   0.02127   0.01482         0
   161/299     8.93G   0.02483    0.0297         0    0.1116  0.006413    0.1725       252       960    0.8668    0.8269    0.9111     0.651   0.02125   0.01482         0
   162/299     8.93G   0.02465   0.02936         0    0.1104  0.006382    0.1708       209       960    0.8669    0.8281    0.9111    0.6521   0.02123   0.01482         0
   163/299     8.93G   0.02478    0.0295         0    0.1112  0.006399    0.1719       179       960    0.8577    0.8378    0.9109    0.6525   0.02121   0.01482         0
   164/299     8.93G   0.02484    0.0297         0    0.1117  0.006415    0.1726       192       960    0.8565    0.8388    0.9114    0.6526    0.0212   0.01482         0
   165/299     8.93G   0.02487   0.02958         0    0.1123  0.006412    0.1732       275       960    0.8601    0.8352    0.9109    0.6526   0.02119   0.01482         0
   166/299     8.93G   0.02473   0.02939         0     0.111    0.0064    0.1716       219       960    0.8603    0.8355    0.9113    0.6531   0.02119   0.01482         0
   167/299     8.93G   0.02464   0.02944         0    0.1106  0.006372    0.1711       203       960    0.8492    0.8465    0.9112    0.6531   0.02118   0.01481         0
   168/299     8.93G   0.02464   0.02928         0    0.1102  0.006368    0.1705       156       960    0.8495    0.8462    0.9112    0.6531   0.02117   0.01481         0
   169/299     8.93G   0.02479   0.02954         0    0.1119   0.00639    0.1726       238       960    0.8515    0.8437    0.9111     0.653   0.02116    0.0148         0
   170/299     8.93G   0.02471   0.02964         0    0.1112  0.006383     0.172       237       960    0.8509    0.8441    0.9114    0.6527   0.02115    0.0148         0
   171/299     8.93G   0.02467   0.02944         0    0.1108   0.00637    0.1713       204       960     0.855      0.84    0.9113     0.653   0.02115   0.01479         0
   172/299     8.93G   0.02463    0.0294         0    0.1108  0.006351    0.1711       226       960    0.8676    0.8282    0.9113     0.653   0.02114   0.01479         0
   173/299     8.93G   0.02455   0.02925         0    0.1099  0.006347      0.17       198       960    0.8711    0.8275    0.9118    0.6529   0.02112   0.01478         0
   174/299     8.93G    0.0244   0.02913         0    0.1084  0.006332    0.1682       197       960    0.8672    0.8318     0.912    0.6525   0.02111   0.01477         0
   175/299     8.93G   0.02448   0.02944         0    0.1097  0.006334      0.17       231       960    0.8688    0.8298    0.9121    0.6533    0.0211   0.01477         0
   176/299     8.93G   0.02455   0.02946         0    0.1094  0.006326    0.1697       192       960    0.8664    0.8321    0.9121     0.654    0.0211   0.01476         0
   177/299     8.93G   0.02454    0.0294         0    0.1096  0.006321    0.1699       208       960    0.8521    0.8462    0.9124     0.654    0.0211   0.01476         0
   178/299     8.93G   0.02438   0.02917         0    0.1089  0.006305    0.1688       207       960     0.854    0.8434    0.9121     0.654   0.02108   0.01475         0
   179/299     8.93G   0.02446   0.02919         0     0.109  0.006317     0.169       223       960    0.8545     0.842    0.9123    0.6544   0.02107   0.01475         0
   180/299     8.93G   0.02435   0.02926         0    0.1092  0.006304    0.1691       165       960    0.8586    0.8385    0.9126    0.6546   0.02106   0.01474         0
   181/299     8.93G   0.02448   0.02928         0    0.1092  0.006305    0.1693       188       960    0.8604    0.8361    0.9123    0.6543   0.02105   0.01474         0
   182/299     8.93G    0.0243   0.02927         0    0.1082  0.006287    0.1681       212       960    0.8508    0.8454    0.9126    0.6557   0.02104   0.01473         0
   183/299     8.93G   0.02436   0.02926         0    0.1088  0.006292    0.1687       218       960    0.8657    0.8327    0.9124     0.656   0.02104   0.01472         0
   184/299     8.93G   0.02434   0.02919         0    0.1082  0.006289     0.168       181       960    0.8587    0.8401    0.9126    0.6564   0.02103   0.01472         0
   185/299     8.93G   0.02436   0.02912         0    0.1081   0.00627    0.1678       199       960    0.8703      0.83     0.913    0.6565   0.02102   0.01471         0
   186/299     8.93G   0.02436   0.02923         0    0.1084  0.006287    0.1683       214       960    0.8706    0.8296    0.9131    0.6559   0.02101   0.01471         0
   187/299     8.93G   0.02434   0.02929         0    0.1081  0.006261     0.168       239       960     0.866    0.8323    0.9131    0.6558   0.02099   0.01471         0
   188/299     8.93G   0.02434   0.02928         0    0.1086  0.006277    0.1685       168       960    0.8511    0.8468    0.9132    0.6557   0.02098    0.0147         0
   189/299     8.93G   0.02424   0.02908         0    0.1076  0.006268    0.1672       229       960    0.8712    0.8287    0.9132    0.6562   0.02097    0.0147         0
   190/299     8.93G   0.02413   0.02893         0    0.1072  0.006241    0.1665       224       960     0.871    0.8298    0.9135    0.6563   0.02095    0.0147         0
   191/299     8.93G   0.02422   0.02907         0    0.1073  0.006248    0.1669       191       960    0.8684    0.8317    0.9137    0.6565   0.02094   0.01469         0
   192/299     8.93G   0.02415   0.02899         0    0.1068  0.006243    0.1661       211       960    0.8767    0.8248    0.9141    0.6565   0.02093   0.01469         0
   193/299     8.93G   0.02409   0.02893         0    0.1071  0.006225    0.1664       248       960    0.8774    0.8235     0.914    0.6577   0.02091   0.01468         0
   194/299     8.93G   0.02411   0.02896         0    0.1066  0.006216    0.1658       243       960    0.8746    0.8248    0.9139    0.6583    0.0209   0.01468         0
   195/299     8.93G   0.02416   0.02921         0    0.1071  0.006232    0.1667       214       960    0.8782    0.8222    0.9139    0.6577    0.0209   0.01467         0
   196/299     8.93G   0.02403   0.02879         0    0.1065  0.006211    0.1655       219       960     0.873    0.8259     0.914    0.6578   0.02089   0.01467         0
   197/299     8.93G   0.02394   0.02881         0    0.1057  0.006188    0.1647       184       960    0.8695      0.83    0.9138    0.6581   0.02088   0.01467         0
   198/299     8.93G     0.024   0.02887         0    0.1059  0.006196     0.165       201       960     0.858     0.841    0.9138    0.6582   0.02087   0.01466         0
   199/299     8.93G     0.024   0.02896         0    0.1067  0.006196    0.1658       234       960     0.856    0.8423     0.913    0.6583   0.02086   0.01466         0
   200/299     8.93G   0.02403   0.02899         0    0.1065  0.006203    0.1657       208       960    0.8476    0.8506    0.9133    0.6587   0.02086   0.01466         0
   201/299     8.93G   0.02401   0.02895         0    0.1066  0.006189    0.1657       196       960     0.851    0.8471    0.9131    0.6587   0.02085   0.01465         0
   202/299     8.93G   0.02396   0.02895         0    0.1063  0.006195    0.1655       195       960    0.8507    0.8478    0.9133    0.6582   0.02085   0.01465         0
   203/299     8.93G   0.02404   0.02903         0    0.1063  0.006196    0.1655       191       960    0.8499    0.8475    0.9132     0.658   0.02085   0.01465         0
   204/299     8.93G   0.02403   0.02909         0    0.1062  0.006179    0.1655       217       960    0.8478    0.8481    0.9133     0.658   0.02085   0.01465         0
   205/299     8.93G   0.02398   0.02913         0    0.1059  0.006176    0.1652       205       960    0.8832    0.8155     0.913     0.658   0.02085   0.01465         0
   206/299     8.93G   0.02385   0.02883         0    0.1051   0.00616     0.164       188       960    0.8512    0.8454     0.914    0.6572   0.02085   0.01465         0
   207/299     8.93G   0.02379   0.02886         0    0.1047  0.006145    0.1635       193       960    0.8491     0.847    0.9135    0.6568   0.02085   0.01465         0
   208/299     8.93G   0.02384   0.02874         0    0.1052  0.006157    0.1639       207       960    0.8719    0.8265    0.9135    0.6575   0.02085   0.01464         0
   209/299     8.93G   0.02377   0.02892         0    0.1047  0.006151    0.1636       193       960    0.8688    0.8289    0.9136    0.6584   0.02083   0.01464         0
   210/299     8.93G   0.02386   0.02887         0    0.1053  0.006138    0.1641       219       960    0.8732    0.8247    0.9137    0.6586   0.02083   0.01464         0
   211/299     8.93G   0.02379   0.02881         0    0.1046  0.006139    0.1634       242       960    0.8746    0.8247    0.9139    0.6583   0.02083   0.01463         0
   212/299     8.93G    0.0237   0.02877         0    0.1044  0.006133     0.163       213       960    0.8694    0.8293    0.9144    0.6582   0.02082   0.01462         0
   213/299     8.93G   0.02369   0.02876         0    0.1043  0.006122    0.1629       200       960    0.8651    0.8339    0.9141    0.6587   0.02082   0.01462         0
   214/299     8.93G    0.0237   0.02878         0    0.1044  0.006118    0.1631       202       960    0.8677    0.8315     0.914    0.6588   0.02081   0.01461         0
   215/299     8.93G   0.02379   0.02862         0     0.105  0.006125    0.1635       212       960    0.8648     0.835    0.9142     0.659    0.0208   0.01461         0
   216/299     8.93G   0.02381   0.02893         0    0.1059  0.006139    0.1648       182       960    0.8685    0.8314     0.915    0.6589   0.02079   0.01461         0
   217/299     8.93G   0.02374   0.02886         0    0.1047  0.006117    0.1634       195       960    0.8653    0.8344     0.915    0.6591   0.02079   0.01461         0
   218/299     8.93G   0.02366   0.02883         0    0.1041  0.006099    0.1626       206       960    0.8636    0.8355    0.9152    0.6596   0.02078   0.01461         0
   219/299     8.93G   0.02361   0.02876         0     0.104   0.00609    0.1625       174       960    0.8651    0.8349    0.9154    0.6597   0.02078    0.0146         0
   220/299     8.93G    0.0237   0.02885         0     0.104  0.006103    0.1627       266       960    0.8664    0.8349    0.9155    0.6597   0.02077    0.0146         0
   221/299     8.93G   0.02365   0.02885         0    0.1043  0.006093    0.1629       186       960    0.8625    0.8383    0.9157    0.6601   0.02076    0.0146         0
   222/299     8.93G   0.02362   0.02852         0    0.1038  0.006087    0.1621       218       960    0.8614    0.8393    0.9156    0.6604   0.02076   0.01459         0
   223/299     8.93G   0.02356   0.02861         0    0.1038  0.006085     0.162       180       960    0.8479     0.852    0.9156    0.6603   0.02075   0.01459         0
   224/299     8.93G   0.02352   0.02852         0     0.103  0.006074    0.1611       270       960     0.851    0.8499    0.9157    0.6603   0.02074   0.01459         0
   225/299     8.93G   0.02346   0.02855         0     0.103  0.006068     0.161       248       960    0.8525    0.8487    0.9155    0.6606   0.02073   0.01459         0
   226/299     8.93G   0.02339   0.02846         0    0.1023  0.006063    0.1602       223       960     0.854    0.8467    0.9158    0.6609   0.02072   0.01458         0
   227/299     8.93G   0.02353   0.02862         0    0.1034  0.006068    0.1617       224       960    0.8754    0.8275    0.9159    0.6615   0.02071   0.01457         0
   228/299     8.93G   0.02338   0.02859         0    0.1021  0.006043    0.1602       230       960    0.8471    0.8542    0.9156    0.6614    0.0207   0.01457         0
   229/299     8.93G   0.02336   0.02846         0    0.1025  0.006043    0.1604       212       960    0.8674    0.8334    0.9152    0.6615   0.02069   0.01457         0
   230/299     8.93G   0.02342   0.02853         0    0.1027  0.006047    0.1607       200       960    0.8508    0.8486    0.9151    0.6617   0.02069   0.01456         0
   231/299     8.93G   0.02335    0.0283         0     0.102  0.006034    0.1596       256       960    0.8505     0.849    0.9151    0.6617   0.02068   0.01456         0
   232/299     8.93G   0.02349   0.02865         0    0.1029  0.006045    0.1611       246       960    0.8751    0.8254    0.9146    0.6616   0.02067   0.01456         0
   233/299     8.93G   0.02341   0.02838         0     0.102  0.006028    0.1599       262       960     0.872     0.828     0.915     0.662   0.02065   0.01456         0
   234/299     8.93G   0.02333   0.02854         0    0.1021  0.006032      0.16       207       960    0.8641    0.8364    0.9156    0.6618   0.02064   0.01455         0
   235/299     8.93G   0.02332   0.02852         0    0.1018  0.006006    0.1597       213       960    0.8663    0.8349    0.9159     0.662   0.02063   0.01455         0
   236/299     8.93G   0.02324   0.02837         0    0.1014   0.00601     0.159       196       960    0.8444    0.8551    0.9158    0.6623   0.02063   0.01455         0
   237/299     8.93G   0.02334   0.02848         0    0.1018  0.006013    0.1597       209       960    0.8464    0.8526    0.9157    0.6622   0.02062   0.01454         0
   238/299     8.93G    0.0233   0.02845         0    0.1017  0.006002    0.1594       198       960    0.8513    0.8484    0.9156    0.6624   0.02061   0.01453         0
   239/299     8.93G   0.02322   0.02833         0    0.1012  0.005992    0.1587       191       960    0.8723    0.8289    0.9158    0.6628   0.02061   0.01453         0
   240/299     8.93G   0.02321   0.02832         0    0.1011  0.005987    0.1586       252       960    0.8555    0.8453    0.9157    0.6624    0.0206   0.01452         0
   241/299     8.93G   0.02325   0.02852         0    0.1015  0.006007    0.1593       234       960    0.8605    0.8413     0.916    0.6628   0.02059   0.01452         0
   242/299     8.93G   0.02335   0.02842         0    0.1021  0.006006    0.1599       240       960    0.8713    0.8309    0.9161    0.6627   0.02059   0.01451         0
   243/299     8.93G    0.0231   0.02822         0    0.1005  0.005979    0.1578       204       960    0.8594    0.8421    0.9163    0.6633   0.02057   0.01451         0
   244/299     8.93G   0.02313    0.0282         0    0.1004  0.005973    0.1577       191       960     0.862    0.8401     0.916    0.6632   0.02057   0.01451         0
   245/299     8.93G   0.02311   0.02842         0    0.1007  0.005975    0.1582       203       960    0.8691     0.833     0.916    0.6635   0.02056   0.01451         0
   246/299     8.93G   0.02319   0.02837         0    0.1012  0.005985    0.1587       206       960    0.8628    0.8384    0.9162    0.6636   0.02055    0.0145         0
   247/299     8.93G   0.02325   0.02834         0    0.1022  0.005992    0.1598       209       960    0.8573    0.8448    0.9163    0.6633   0.02055    0.0145         0
   248/299     8.93G   0.02321   0.02838         0    0.1009  0.005977    0.1584       262       960    0.8578     0.845    0.9164    0.6639   0.02055   0.01449         0
   249/299     8.93G   0.02309    0.0282         0    0.1001  0.005967    0.1573       209       960    0.8712    0.8317    0.9167    0.6638   0.02054   0.01449         0
   250/299     8.93G   0.02303   0.02812         0    0.0997  0.005956    0.1568       194       960    0.8659    0.8369    0.9167     0.664   0.02054   0.01449         0
   251/299     8.93G    0.0231   0.02819         0       0.1  0.005963    0.1573       271       960    0.8633    0.8399    0.9169    0.6641   0.02053   0.01449         0
   252/299     8.93G   0.02306   0.02831         0    0.1002   0.00595    0.1575       170       960    0.8775    0.8278     0.917    0.6642   0.02053   0.01448         0
   253/299     8.93G   0.02293   0.02815         0   0.09958  0.005929    0.1566       181       960    0.8634    0.8418    0.9173    0.6641   0.02053   0.01448         0
   254/299     8.93G   0.02315   0.02833         0    0.1007  0.005961    0.1581       198       960    0.8616     0.844     0.917    0.6646   0.02053   0.01448         0
   255/299     8.93G   0.02308   0.02815         0    0.1003  0.005934    0.1575       194       960    0.8721    0.8339    0.9175    0.6647   0.02053   0.01448         0
   256/299     8.93G   0.02297   0.02824         0   0.09951  0.005936    0.1567       243       960    0.8701    0.8356    0.9174    0.6651   0.02052   0.01447         0
   257/299     8.93G   0.02292   0.02806         0   0.09918  0.005923    0.1561       220       960    0.8555    0.8519    0.9179    0.6655   0.02051   0.01446         0
   258/299     8.93G   0.02298   0.02819         0   0.09956   0.00592    0.1566       201       960    0.8614    0.8462    0.9177     0.666   0.02049   0.01446         0
   259/299     8.93G    0.0231   0.02839         0    0.1003  0.005944    0.1578       211       960    0.8645    0.8437    0.9181    0.6655   0.02048   0.01445         0
   260/299     8.93G     0.023   0.02827         0   0.09964  0.005943    0.1569       215       960    0.8599    0.8471    0.9181    0.6656   0.02047   0.01445         0
   261/299     8.93G   0.02298    0.0281         0   0.09948  0.005922    0.1565       237       960    0.8638    0.8445    0.9183    0.6664   0.02046   0.01445         0
   262/299     8.93G   0.02289   0.02808         0   0.09914  0.005914     0.156       223       960    0.8597    0.8486    0.9186    0.6665   0.02045   0.01444         0
   263/299     8.93G   0.02291   0.02829         0   0.09938  0.005913    0.1565       191       960    0.8736    0.8349    0.9185    0.6665   0.02045   0.01444         0
   264/299     8.93G   0.02294   0.02812         0   0.09936  0.005916    0.1563       210       960    0.8684    0.8407    0.9186     0.667   0.02044   0.01444         0
   265/299     8.93G   0.02295   0.02809         0   0.09872  0.005908    0.1557       198       960     0.856    0.8537    0.9187    0.6674   0.02043   0.01444         0
   266/299     8.93G   0.02286   0.02807         0   0.09857  0.005901    0.1554       206       960     0.868    0.8424    0.9182    0.6669   0.02042   0.01443         0
   267/299     8.93G   0.02277   0.02808         0   0.09831  0.005882     0.155       207       960     0.868    0.8416    0.9179    0.6671   0.02042   0.01443         0
   268/299     8.93G   0.02272   0.02797         0   0.09757  0.005877    0.1541       208       960    0.8635    0.8468    0.9183     0.667   0.02041   0.01442         0
   269/299     8.93G   0.02285   0.02796         0   0.09882  0.005876    0.1555       227       960    0.8636    0.8485    0.9187     0.667   0.02041   0.01442         0
   270/299     8.93G   0.02272   0.02786         0   0.09823  0.005879    0.1547       205       960     0.862    0.8498    0.9185    0.6672   0.02041   0.01442         0
   271/299     8.93G   0.02286    0.0282         0   0.09866  0.005897    0.1556       201       960    0.8621    0.8509    0.9186    0.6674   0.02041   0.01442         0
   272/299     8.93G   0.02286   0.02801         0   0.09883  0.005895    0.1556       188       960    0.8609      0.85    0.9182    0.6673   0.02041   0.01442         0
   273/299     8.93G   0.02284   0.02811         0   0.09871  0.005882    0.1555       213       960    0.8705    0.8422     0.918    0.6666   0.02041   0.01442         0
   274/299     8.93G   0.02298    0.0282         0    0.1004  0.005917    0.1576       208       960     0.864    0.8479    0.9185     0.667   0.02042   0.01442         0
   275/299     8.93G   0.02293   0.02805         0   0.09927  0.005889    0.1561       253       960    0.8624    0.8493    0.9184    0.6669   0.02042   0.01442         0
   276/299     8.93G   0.02283   0.02798         0   0.09887  0.005888    0.1556       223       960    0.8589    0.8523    0.9177    0.6666   0.02042   0.01442         0
   277/299     8.93G   0.02274   0.02793         0   0.09819  0.005861    0.1547       176       960    0.8803    0.8304    0.9181    0.6664   0.02041   0.01442         0
   278/299     8.93G   0.02282   0.02813         0    0.0985  0.005874    0.1553       197       960    0.8798    0.8316    0.9182    0.6663    0.0204   0.01442         0
   279/299     8.93G   0.02278   0.02807         0   0.09814  0.005864    0.1549       224       960    0.8804    0.8322    0.9183    0.6669   0.02039   0.01442         0
   280/299     8.93G   0.02269    0.0281         0   0.09823  0.005852    0.1549       216       960    0.8819    0.8309    0.9186    0.6673   0.02038   0.01442         0
   281/299     8.93G   0.02275   0.02796         0   0.09795  0.005856    0.1545       208       960    0.8782    0.8344    0.9178    0.6672   0.02038   0.01442         0
   282/299     8.93G   0.02266   0.02784         0   0.09731  0.005853    0.1537       209       960    0.8799    0.8336    0.9176    0.6674   0.02037   0.01441         0
   283/299     8.93G   0.02276   0.02807         0   0.09814  0.005846    0.1548       218       960    0.8821    0.8324    0.9181    0.6674   0.02036   0.01441         0
   284/299     8.93G   0.02261   0.02785         0   0.09694   0.00583    0.1532       208       960    0.8849    0.8295    0.9182    0.6679   0.02036    0.0144         0
   285/299     8.93G    0.0228   0.02809         0   0.09859   0.00587    0.1554       201       960    0.8839    0.8315    0.9187    0.6685   0.02035    0.0144         0
   286/299     8.93G   0.02272   0.02789         0   0.09737  0.005844    0.1538       191       960    0.8833     0.832    0.9187     0.669   0.02035    0.0144         0
   287/299     8.93G    0.0227    0.0279         0   0.09751   0.00584     0.154       171       960    0.8843    0.8314    0.9189    0.6694   0.02035   0.01439         0
   288/299     8.93G   0.02266   0.02782         0   0.09757  0.005839    0.1539       211       960    0.8826    0.8325    0.9189     0.669   0.02034   0.01439         0
   289/299     8.93G   0.02266   0.02788         0    0.0974   0.00583    0.1538       215       960    0.8809    0.8336     0.919    0.6685   0.02034   0.01439         0
   290/299     8.93G   0.02262    0.0279         0   0.09674  0.005828    0.1531       198       960    0.8709    0.8429    0.9191    0.6687   0.02034   0.01439         0
   291/299     8.93G   0.02285   0.02811         0   0.09884  0.005872    0.1557       210       960     0.874    0.8406    0.9194    0.6688   0.02033   0.01439         0
   292/299     8.93G   0.02279   0.02809         0   0.09764  0.005854    0.1544       247       960    0.8762    0.8388    0.9193    0.6695   0.02033   0.01438         0
   293/299     8.93G   0.02262   0.02788         0    0.0971  0.005838    0.1534       228       960    0.8649    0.8492    0.9193    0.6698   0.02033   0.01438         0
   294/299     8.93G   0.02275   0.02801         0   0.09795  0.005845    0.1546       219       960    0.8756    0.8397    0.9195    0.6699   0.02033   0.01438         0
   295/299     8.93G   0.02278   0.02803         0   0.09835  0.005845     0.155       209       960     0.862     0.852    0.9188    0.6695   0.02033   0.01438         0
   296/299     8.93G   0.02265   0.02796         0   0.09757  0.005835     0.154       198       960    0.8738    0.8396    0.9184    0.6693   0.02033   0.01438         0
   297/299     8.93G   0.02271   0.02793         0   0.09761  0.005834    0.1541       203       960    0.8665    0.8469     0.919    0.6695   0.02033   0.01438         0
   298/299     8.93G    0.0227   0.02785         0   0.09741  0.005836    0.1538       141       960    0.8725    0.8404    0.9187    0.6693   0.02033   0.01438         0
   299/299     8.93G   0.02274   0.02805         0   0.09683  0.005816    0.1534       171       960     0.874    0.8393     0.919    0.6685   0.02033   0.01438         0
