     0/299     2.99G   0.03708   0.06807         0    0.3328   0.01369    0.4516        27      1280    0.7764    0.8074    0.8393    0.5371   0.02663   0.01818         0
     1/299     5.19G   0.03182   0.03388         0    0.2544   0.01205    0.3321        35      1280    0.7685    0.8081    0.8253       0.5   0.02735   0.01866         0
     2/299     8.97G   0.03261    0.0355         0    0.2147   0.01102    0.2938        39      1280    0.7712    0.7442    0.8092    0.4712   0.02951   0.01981         0
     3/299     10.2G   0.03288   0.03693         0    0.1998    0.0101    0.2797        33      1280    0.7976    0.7598    0.8289    0.5027   0.02796   0.01908         0
     4/299     10.2G    0.0317   0.03665         0    0.1872  0.009314    0.2649        31      1280    0.8124     0.769    0.8451    0.5238   0.02716   0.01857         0
     5/299     10.2G   0.03082   0.03624         0     0.178  0.008831    0.2539        49      1280      0.83    0.7672    0.8497    0.5332    0.0265    0.0183         0
     6/299     10.2G   0.03027   0.03557         0    0.1732   0.00852    0.2476        45      1280    0.8042    0.7966    0.8588    0.5476   0.02591   0.01797         0
     7/299     10.2G   0.02989   0.03558         0    0.1691  0.008317    0.2429        28      1280    0.8092    0.7966     0.862    0.5543   0.02537   0.01788         0
     8/299     10.2G   0.02962   0.03528         0    0.1652  0.008149    0.2382        41      1280    0.8149    0.8015    0.8645    0.5609   0.02507   0.01768         0
     9/299     10.2G    0.0293   0.03519         0    0.1612  0.008023    0.2337        36      1280    0.8237    0.7951    0.8661    0.5661   0.02468   0.01766         0
    10/299     10.2G   0.02903   0.03486         0    0.1583  0.007909      0.23        29      1280    0.8185    0.8048    0.8709    0.5728   0.02436   0.01746         0
    11/299     10.2G    0.0289   0.03487         0    0.1566  0.007835    0.2282        42      1280     0.818    0.8144    0.8735    0.5769   0.02423   0.01732         0
    12/299     10.2G   0.02876   0.03478         0     0.155  0.007767    0.2263        31      1280    0.8094    0.8238    0.8758    0.5836   0.02397   0.01725         0
    13/299     10.2G   0.02854   0.03458         0    0.1527  0.007686    0.2235        31      1280    0.8222    0.8141    0.8758    0.5851   0.02382   0.01718         0
    14/299     10.2G   0.02834   0.03463         0    0.1507  0.007631    0.2213        44      1280    0.8389    0.8043    0.8783     0.587   0.02368   0.01708         0
    15/299     10.2G    0.0284   0.03455         0    0.1507  0.007601    0.2213        39      1280    0.8362    0.8105    0.8794    0.5895   0.02359   0.01706         0
    16/299     10.2G   0.02812   0.03432         0     0.148  0.007543     0.218        39      1280     0.835    0.8114    0.8806    0.5922    0.0235   0.01699         0
    17/299     10.2G   0.02802   0.03434         0     0.147   0.00751    0.2169        42      1280    0.8352    0.8145    0.8812    0.5924   0.02342   0.01695         0
    18/299     10.2G   0.02793   0.03419         0    0.1457  0.007453    0.2153        46      1280    0.8369     0.812     0.882    0.5941   0.02334   0.01693         0
    19/299     10.2G   0.02779   0.03412         0    0.1441   0.00742    0.2134        32      1280    0.8451    0.8075    0.8828    0.5962   0.02325   0.01689         0
    20/299     10.2G   0.02767    0.0338         0    0.1427  0.007375    0.2116        29      1280    0.8443     0.807    0.8834    0.5973   0.02318   0.01686         0
    21/299     10.2G   0.02758   0.03397         0     0.142  0.007342    0.2109        44      1280    0.8407      0.81    0.8842     0.598   0.02314   0.01683         0
    22/299     10.2G   0.02747   0.03374         0    0.1409  0.007322    0.2094        33      1280    0.8476    0.8038    0.8848     0.599    0.0231    0.0168         0
    23/299     10.2G   0.02743   0.03376         0    0.1403  0.007301    0.2088        14      1280    0.8353    0.8162    0.8852    0.6001   0.02307   0.01677         0
    24/299     10.2G   0.02742   0.03381         0    0.1397  0.007274    0.2082        23      1280    0.8411    0.8126    0.8865    0.6013   0.02304   0.01674         0
    25/299     10.2G   0.02735   0.03386         0    0.1387  0.007241    0.2071        43      1280    0.8504    0.8035    0.8869    0.6024   0.02301   0.01671         0
    26/299     10.2G   0.02732   0.03375         0    0.1381   0.00723    0.2065        23      1280    0.8379    0.8156    0.8873    0.6029   0.02298   0.01669         0
    27/299     10.2G   0.02716   0.03369         0    0.1374  0.007188    0.2055        46      1280    0.8266    0.8279    0.8876    0.6027   0.02296   0.01666         0
    28/299     10.2G   0.02717   0.03361         0    0.1379  0.007192    0.2058        23      1280    0.8351    0.8213     0.888     0.603   0.02293   0.01663         0
    29/299     10.2G   0.02703   0.03345         0     0.136  0.007151    0.2036        21      1280    0.8369    0.8213    0.8885    0.6039    0.0229   0.01661         0
    30/299     10.2G   0.02701   0.03323         0    0.1356   0.00714     0.203        35      1280    0.8407    0.8202    0.8891    0.6048   0.02287   0.01658         0
    31/299     10.2G   0.02705   0.03357         0    0.1355  0.007124    0.2032        32      1280    0.8519    0.8097    0.8895    0.6047   0.02284   0.01656         0
    32/299     10.2G   0.02702   0.03348         0    0.1351  0.007116    0.2028        44      1280    0.8507    0.8109    0.8899    0.6055   0.02282   0.01653         0
    33/299     10.2G     0.027   0.03355         0    0.1353  0.007102    0.2029        30      1280    0.8509    0.8096    0.8902    0.6063   0.02279   0.01651         0
    34/299     10.2G   0.02687   0.03338         0    0.1335   0.00706    0.2009        56      1280    0.8344    0.8262    0.8902    0.6078   0.02276   0.01648         0
    35/299     10.2G   0.02696   0.03366         0    0.1346  0.007076    0.2023        29      1280    0.8548    0.8081      0.89    0.6083   0.02273   0.01646         0
    36/299     10.2G    0.0269    0.0334         0    0.1337  0.007051     0.201        19      1280    0.8522    0.8101    0.8898    0.6086   0.02271   0.01644         0
    37/299     10.2G   0.02681    0.0333         0    0.1326  0.007043    0.1998        48      1280      0.85     0.812    0.8904    0.6085   0.02268   0.01643         0
    38/299     10.2G   0.02673   0.03322         0    0.1321  0.007023     0.199        25      1280     0.854    0.8089    0.8904    0.6094   0.02265   0.01641         0
    39/299     10.2G    0.0267   0.03315         0    0.1317  0.007009    0.1985        30      1280    0.8271    0.8355    0.8915    0.6111   0.02261   0.01638         0
    40/299     10.2G   0.02666   0.03327         0    0.1313  0.006999    0.1982        28      1280    0.8372    0.8243    0.8912    0.6115   0.02258   0.01637         0
    41/299     10.2G   0.02667   0.03317         0    0.1315   0.00699    0.1984        18      1280    0.8562    0.8064    0.8909     0.612   0.02256   0.01635         0
    42/299     10.2G   0.02663   0.03308         0    0.1306   0.00697    0.1973        24      1280    0.8462    0.8156    0.8912    0.6127   0.02253   0.01633         0
    43/299     10.2G   0.02657   0.03328         0    0.1305   0.00696    0.1973        49      1280    0.8566    0.8065    0.8916    0.6133    0.0225   0.01631         0
    44/299     10.2G   0.02648    0.0329         0    0.1295  0.006948    0.1959        25      1280    0.8575    0.8067    0.8914    0.6138   0.02246    0.0163         0
    45/299     10.2G   0.02659   0.03309         0      0.13  0.006934    0.1966        46      1280    0.8425    0.8209    0.8915    0.6147   0.02243   0.01629         0
    46/299     10.2G   0.02655   0.03309         0    0.1292  0.006915    0.1957        23      1280    0.8407    0.8231    0.8918    0.6153    0.0224   0.01627         0
    47/299     10.2G   0.02634   0.03297         0    0.1282  0.006895    0.1945        32      1280    0.8376    0.8281    0.8922    0.6153   0.02237   0.01626         0
    48/299     10.2G   0.02641   0.03297         0    0.1284  0.006913    0.1947        56      1280    0.8419    0.8248    0.8924    0.6161   0.02235   0.01624         0
    49/299     10.2G   0.02648   0.03305         0    0.1285  0.006899    0.1949        33      1280    0.8438    0.8243    0.8922    0.6169   0.02231   0.01623         0
    50/299     10.2G   0.02643   0.03319         0    0.1293  0.006909    0.1958        25      1280    0.8472    0.8205    0.8924     0.617   0.02228   0.01622         0
    51/299     10.2G   0.02639   0.03299         0     0.128  0.006881    0.1942        47      1280    0.8505    0.8182     0.893    0.6181   0.02226   0.01621         0
    52/299     10.2G   0.02629   0.03267         0    0.1273  0.006857    0.1931        21      1280    0.8534     0.816    0.8935    0.6183   0.02222   0.01619         0
    53/299     10.2G   0.02631   0.03288         0    0.1277  0.006869    0.1937        30      1280    0.8563    0.8151    0.8941    0.6187    0.0222   0.01618         0
    54/299     10.2G    0.0263   0.03287         0    0.1272  0.006853    0.1932        35      1280    0.8665    0.8073    0.8941    0.6192   0.02217   0.01617         0
    55/299     10.2G   0.02619   0.03267         0    0.1255  0.006828    0.1911        22      1280    0.8592    0.8144    0.8944    0.6205   0.02215   0.01615         0
    56/299     10.2G   0.02632   0.03299         0    0.1266  0.006852    0.1928        34      1280    0.8701    0.8075     0.895    0.6202   0.02213   0.01614         0
    57/299     10.2G   0.02619   0.03299         0    0.1265  0.006829    0.1925        38      1280    0.8616    0.8147    0.8951    0.6204    0.0221   0.01613         0
    58/299     10.2G   0.02615   0.03278         0    0.1256  0.006818    0.1914        36      1280    0.8471    0.8275    0.8952    0.6208   0.02207   0.01612         0
    59/299     10.2G   0.02619   0.03277         0    0.1262   0.00681     0.192        32      1280    0.8568    0.8179    0.8954    0.6218   0.02204   0.01611         0
    60/299     10.2G   0.02617    0.0328         0    0.1254  0.006803    0.1912        44      1280    0.8581    0.8188    0.8955    0.6223   0.02202    0.0161         0
    61/299     10.2G   0.02606   0.03271         0    0.1246  0.006785    0.1901        28      1280    0.8583    0.8192    0.8956    0.6224     0.022   0.01609         0
    62/299     10.2G   0.02602   0.03259         0    0.1247  0.006785      0.19        38      1280    0.8584     0.819    0.8964    0.6235   0.02196   0.01609         0
    63/299     10.2G   0.02604   0.03283         0    0.1248  0.006775    0.1905        22      1280    0.8589    0.8182    0.8959    0.6239   0.02195   0.01608         0
    64/299     10.2G   0.02616   0.03281         0    0.1251  0.006791    0.1909        35      1280    0.8643    0.8144    0.8961    0.6244   0.02193   0.01609         0
    65/299     10.2G   0.02595   0.03266         0    0.1235  0.006756    0.1889        30      1280    0.8635    0.8153    0.8965    0.6252   0.02191   0.01608         0
    66/299     10.2G   0.02601   0.03264         0     0.124  0.006759    0.1894        20      1280    0.8669    0.8119    0.8966    0.6261   0.02188   0.01607         0
    67/299     10.2G   0.02598   0.03264         0    0.1239  0.006742    0.1892        51      1280    0.8684    0.8109    0.8967    0.6263   0.02186   0.01606         0
    68/299     10.2G   0.02599   0.03252         0    0.1234  0.006744    0.1886        41      1280    0.8649    0.8125    0.8967    0.6271   0.02184   0.01605         0
    69/299     10.2G   0.02606   0.03262         0    0.1243  0.006747    0.1898        27      1280    0.8617    0.8151    0.8965    0.6272   0.02181   0.01603         0
    70/299     10.2G   0.02592   0.03252         0    0.1231  0.006719    0.1883        39      1280    0.8619    0.8156    0.8965    0.6275   0.02179   0.01602         0
    71/299     10.2G   0.02596   0.03253         0    0.1229  0.006723    0.1881        49      1280     0.867    0.8106    0.8966    0.6279   0.02176   0.01601         0
    72/299     10.2G   0.02602   0.03268         0     0.124   0.00673    0.1894        35      1280    0.8638    0.8138    0.8968    0.6282   0.02174     0.016         0
    73/299     10.2G   0.02589   0.03251         0    0.1223  0.006704    0.1874        30      1280    0.8673    0.8128    0.8969    0.6287   0.02172     0.016         0
    74/299     10.2G   0.02578   0.03243         0    0.1216  0.006691    0.1865        26      1280    0.8649     0.815    0.8976    0.6291    0.0217   0.01599         0
    75/299     10.2G   0.02581    0.0325         0    0.1215  0.006704    0.1865        30      1280    0.8627    0.8168    0.8973     0.629   0.02168   0.01599         0
    76/299     10.2G   0.02572   0.03247         0    0.1213  0.006681    0.1862        36      1280    0.8647    0.8158    0.8976    0.6303   0.02166   0.01598         0
    77/299     10.2G   0.02581   0.03253         0    0.1217  0.006687    0.1867        52      1280    0.8635    0.8171    0.8973     0.631   0.02164   0.01598         0
    78/299     10.2G   0.02578   0.03245         0     0.121  0.006669    0.1859        31      1280     0.857    0.8226    0.8973    0.6313   0.02162   0.01598         0
    79/299     10.2G   0.02574   0.03239         0    0.1207  0.006664    0.1855        17      1280    0.8571    0.8217    0.8974    0.6316    0.0216   0.01598         0
    80/299     10.2G   0.02579   0.03219         0    0.1212  0.006677    0.1859        24      1280    0.8565     0.821    0.8973    0.6319   0.02159   0.01598         0
    81/299     10.2G   0.02578   0.03261         0    0.1213  0.006669    0.1864        19      1280    0.8583    0.8183    0.8974    0.6315   0.02156   0.01597         0
    82/299     10.2G   0.02567   0.03241         0    0.1205  0.006658    0.1853        46      1280    0.8586    0.8177    0.8978    0.6324   0.02154   0.01596         0
    83/299     10.2G   0.02563   0.03229         0    0.1198  0.006641    0.1843        26      1280    0.8554    0.8215    0.8981    0.6334   0.02151   0.01596         0
    84/299     10.2G   0.02573   0.03231         0    0.1207  0.006644    0.1854        30      1280    0.8542    0.8234    0.8985    0.6339    0.0215   0.01595         0
    85/299     10.2G    0.0258   0.03247         0    0.1218  0.006658    0.1867        40      1280    0.8502    0.8276    0.8987    0.6346   0.02149   0.01595         0
    86/299     10.2G   0.02573   0.03231         0    0.1211  0.006658    0.1858        31      1280    0.8519    0.8241    0.8986    0.6345   0.02148   0.01595         0
    87/299     10.2G   0.02563   0.03234         0    0.1203  0.006634    0.1849        38      1280    0.8393    0.8355    0.8985    0.6344   0.02146   0.01594         0
    88/299     10.2G   0.02565   0.03247         0    0.1202  0.006632    0.1849        21      1280    0.8422     0.833    0.8987    0.6342   0.02145   0.01594         0
    89/299     10.2G   0.02567   0.03227         0    0.1198  0.006616    0.1843        37      1280    0.8355     0.841    0.8991    0.6353   0.02143   0.01593         0
    90/299     10.2G   0.02558   0.03232         0    0.1194  0.006623    0.1839        41      1280    0.8455    0.8319     0.899    0.6347   0.02143   0.01593         0
    91/299     10.2G   0.02553    0.0322         0    0.1189  0.006611    0.1832        32      1280    0.8512    0.8275    0.8986    0.6353   0.02141   0.01593         0
    92/299     10.2G   0.02555   0.03213         0    0.1191  0.006598    0.1834        32      1280    0.8491    0.8306    0.8988    0.6356    0.0214   0.01592         0
    93/299     10.2G   0.02548   0.03246         0    0.1185  0.006595     0.183        40      1280    0.8544    0.8265    0.8993    0.6358   0.02139   0.01591         0
    94/299     10.2G   0.02559   0.03238         0    0.1194  0.006592     0.184        43      1280     0.854    0.8259    0.8993     0.636   0.02138   0.01591         0
    95/299     10.2G   0.02549   0.03212         0    0.1182  0.006593    0.1824        29      1280    0.8496      0.83    0.8993    0.6352   0.02138    0.0159         0
    96/299     10.2G   0.02551   0.03232         0    0.1187  0.006586    0.1831        26      1280    0.8546    0.8257    0.8995    0.6357   0.02137    0.0159         0
    97/299     10.2G   0.02548   0.03222         0    0.1183  0.006586    0.1826        22      1280    0.8521    0.8284    0.8987    0.6359   0.02135    0.0159         0
    98/299     10.2G   0.02544   0.03226         0    0.1182  0.006569    0.1825        39      1280    0.8505    0.8314    0.8994    0.6359   0.02134   0.01589         0
    99/299     10.2G   0.02541   0.03215         0    0.1177  0.006558    0.1818        22      1280    0.8507    0.8309    0.8997    0.6362   0.02132   0.01589         0
   100/299     10.2G   0.02539     0.032         0    0.1177  0.006555    0.1816        34      1280    0.8511    0.8317    0.9003    0.6363   0.02132   0.01588         0
   101/299     10.2G   0.02523   0.03197         0    0.1165  0.006522    0.1802        39      1280    0.8593    0.8246    0.9005    0.6362    0.0213   0.01587         0
   102/299     10.2G    0.0253   0.03227         0     0.117  0.006553    0.1811        30      1280    0.8608    0.8214    0.9001    0.6371   0.02129   0.01587         0
   103/299     10.2G   0.02539   0.03202         0    0.1175  0.006536    0.1815        30      1280    0.8421    0.8393    0.8997    0.6376   0.02128   0.01587         0
   104/299     10.2G   0.02541   0.03236         0    0.1181  0.006555    0.1824        20      1280    0.8557    0.8278    0.8996    0.6371   0.02128   0.01587         0
   105/299     10.2G   0.02535   0.03201         0    0.1172  0.006526    0.1811        35      1280    0.8525    0.8298    0.9001    0.6371   0.02126   0.01587         0
   106/299     10.2G   0.02528   0.03201         0    0.1165  0.006517    0.1803        38      1280    0.8571    0.8273    0.9007    0.6369   0.02124   0.01586         0
   107/299     10.2G   0.02528   0.03202         0    0.1161  0.006515    0.1799        24      1280    0.8543    0.8309    0.9004    0.6381   0.02123   0.01585         0
   108/299     10.2G   0.02519   0.03187         0    0.1157  0.006502    0.1793        23      1280    0.8554    0.8295    0.9008    0.6387   0.02122   0.01585         0
   109/299     10.2G    0.0253   0.03214         0    0.1167  0.006518    0.1807        30      1280    0.8566    0.8278    0.9004    0.6387   0.02122   0.01584         0
   110/299     10.2G   0.02547   0.03259         0     0.119   0.00656    0.1836        28      1280    0.8574    0.8271    0.9005    0.6388   0.02121   0.01584         0
   111/299     10.2G   0.02523   0.03207         0    0.1163  0.006503    0.1801        20      1280    0.8386    0.8442    0.9007     0.639   0.02119   0.01584         0
   112/299     10.2G   0.02525   0.03191         0    0.1168   0.00651    0.1804        35      1280    0.8397    0.8438    0.9009    0.6392   0.02118   0.01583         0
   113/299     10.2G   0.02522   0.03209         0    0.1159  0.006496    0.1797        33      1280    0.8431    0.8415    0.9013    0.6397   0.02117   0.01583         0
   114/299     10.2G   0.02511   0.03193         0    0.1156  0.006492    0.1791        28      1280     0.853    0.8306    0.9014    0.6398   0.02116   0.01582         0
   115/299     10.2G   0.02514   0.03217         0    0.1159  0.006481    0.1797        50      1280    0.8544    0.8286    0.9013    0.6399   0.02116   0.01582         0
   116/299     10.2G   0.02508   0.03188         0    0.1153  0.006481    0.1787        29      1280    0.8553    0.8286    0.9011    0.6403   0.02116   0.01581         0
   117/299     10.2G   0.02514   0.03182         0    0.1153  0.006482    0.1787        36      1280    0.8536    0.8299    0.9013    0.6406   0.02115    0.0158         0
   118/299     10.2G   0.02522   0.03195         0    0.1164  0.006484    0.1801        35      1280    0.8469    0.8362    0.9014    0.6404   0.02115    0.0158         0
   119/299     10.2G   0.02511    0.0319         0    0.1153  0.006462    0.1787        43      1280    0.8506    0.8322    0.9013    0.6406   0.02113   0.01579         0
   120/299     10.2G   0.02496   0.03157         0    0.1137  0.006438    0.1766        54      1280    0.8548    0.8298    0.9014    0.6408   0.02111   0.01578         0
   121/299     10.2G   0.02499   0.03189         0    0.1142  0.006458    0.1776        39      1280    0.8485    0.8356    0.9017     0.641   0.02108   0.01577         0
   122/299     10.2G   0.02504   0.03201         0    0.1148  0.006469    0.1784        26      1280    0.8418    0.8419    0.9016    0.6415   0.02106   0.01576         0
   123/299     10.2G   0.02488   0.03151         0    0.1131  0.006415    0.1759        18      1280    0.8506    0.8327    0.9014    0.6418   0.02103   0.01575         0
   124/299     10.2G   0.02494   0.03192         0    0.1138  0.006424     0.177        22      1280    0.8503    0.8336    0.9015    0.6417   0.02101   0.01574         0
   125/299     10.2G   0.02494   0.03179         0     0.114  0.006416    0.1771        41      1280     0.846    0.8383    0.9017    0.6417   0.02099   0.01574         0
   126/299     10.2G   0.02491   0.03161         0    0.1137  0.006416    0.1766        30      1280    0.8561    0.8291    0.9019    0.6421   0.02098   0.01573         0
   127/299     10.2G   0.02477   0.03173         0    0.1128  0.006414    0.1757        44      1280    0.8635    0.8232    0.9021    0.6427   0.02096   0.01572         0
   128/299     10.2G   0.02478   0.03153         0    0.1125  0.006398    0.1752        30      1280    0.8459    0.8386    0.9018    0.6421   0.02094   0.01572         0
   129/299     10.2G   0.02481   0.03171         0    0.1134  0.006422    0.1763        30      1280    0.8471    0.8364    0.9016    0.6426   0.02093   0.01572         0
   130/299     10.2G   0.02498   0.03187         0    0.1147  0.006411    0.1779        39      1280    0.8523    0.8304    0.9016    0.6426   0.02092   0.01572         0
   131/299     10.2G   0.02496   0.03187         0    0.1142   0.00642    0.1774        23      1280    0.8435    0.8383    0.9015     0.643   0.02091   0.01572         0
   132/299     10.2G   0.02487    0.0319         0    0.1135  0.006405    0.1766        18      1280    0.8614    0.8219    0.9017    0.6433    0.0209   0.01571         0
   133/299     10.2G   0.02478   0.03156         0    0.1137    0.0064    0.1764        19      1280    0.8549    0.8284     0.902     0.643    0.0209   0.01571         0
   134/299     10.2G   0.02482   0.03175         0    0.1133  0.006391    0.1762        23      1280    0.8604    0.8256    0.9023    0.6426   0.02088    0.0157         0
   135/299     10.2G   0.02466   0.03158         0    0.1116  0.006362    0.1742        32      1280     0.861    0.8254    0.9024    0.6434   0.02088   0.01569         0
   136/299     10.2G   0.02465    0.0317         0    0.1122  0.006374    0.1749        32      1280    0.8598    0.8275    0.9026    0.6451   0.02086   0.01569         0
   137/299     10.2G    0.0247   0.03152         0    0.1121  0.006373    0.1747        28      1280    0.8565    0.8292    0.9029    0.6448   0.02085   0.01568         0
   138/299     10.2G   0.02464   0.03166         0    0.1118  0.006366    0.1745        30      1280    0.8613    0.8259    0.9025    0.6448   0.02084   0.01567         0
   139/299     10.2G   0.02467   0.03168         0    0.1114   0.00635    0.1741        48      1280     0.861    0.8243    0.9024    0.6451   0.02083   0.01566         0
   140/299     10.2G   0.02462   0.03151         0     0.112  0.006355    0.1745        45      1280    0.8573    0.8287    0.9026    0.6457   0.02083   0.01565         0
   141/299     10.2G   0.02457   0.03143         0    0.1115  0.006352    0.1738        20      1280    0.8536    0.8306    0.9023    0.6464   0.02082   0.01565         0
   142/299     10.2G   0.02458   0.03152         0    0.1114  0.006346    0.1738        31      1280    0.8537    0.8314    0.9024    0.6466    0.0208   0.01564         0
   143/299     10.2G   0.02455    0.0315         0    0.1113  0.006341    0.1737        32      1280    0.8524    0.8343    0.9027     0.647   0.02079   0.01563         0
   144/299     10.2G   0.02461   0.03166         0    0.1117  0.006335    0.1743        35      1280     0.862    0.8261    0.9028    0.6473   0.02077   0.01562         0
   145/299     10.2G   0.02455   0.03158         0    0.1119  0.006339    0.1744        30      1280    0.8631    0.8259    0.9031    0.6474   0.02077   0.01562         0
   146/299     10.2G   0.02447   0.03157         0    0.1102  0.006322    0.1725        26      1280    0.8646    0.8243    0.9032    0.6472   0.02076   0.01562         0
   147/299     10.2G   0.02443   0.03131         0    0.1105  0.006314    0.1725        29      1280    0.8701    0.8202    0.9033    0.6473   0.02074   0.01561         0
   148/299     10.2G   0.02444   0.03142         0    0.1105  0.006333    0.1727        27      1280    0.8596    0.8293    0.9033    0.6474   0.02073    0.0156         0
   149/299     10.2G    0.0245   0.03145         0    0.1111   0.00632    0.1734        48      1280    0.8533    0.8342     0.903     0.648   0.02072    0.0156         0
   150/299     10.2G   0.02453   0.03155         0     0.111  0.006315    0.1734        31      1280    0.8649    0.8237    0.9033    0.6484   0.02072   0.01559         0
   151/299     10.2G   0.02442   0.03145         0    0.1102  0.006298    0.1724        16      1280    0.8573    0.8306    0.9032     0.648   0.02072   0.01559         0
   152/299     10.2G   0.02437   0.03134         0      0.11  0.006293     0.172        44      1280    0.8625    0.8246    0.9031    0.6487   0.02071   0.01559         0
   153/299     10.2G   0.02431   0.03138         0    0.1094  0.006285    0.1714        38      1280    0.8659    0.8227    0.9034    0.6488    0.0207   0.01559         0
   154/299     10.2G   0.02453   0.03168         0    0.1115  0.006302     0.174        25      1280    0.8614    0.8275    0.9034    0.6487   0.02071   0.01558         0
   155/299     10.2G   0.02446   0.03148         0    0.1107  0.006278    0.1729        42      1280    0.8618    0.8284     0.904    0.6492    0.0207   0.01558         0
   156/299     10.2G   0.02427   0.03133         0    0.1092  0.006275    0.1711        23      1280    0.8738    0.8184    0.9037    0.6489    0.0207   0.01558         0
   157/299     10.2G   0.02431   0.03129         0    0.1096  0.006272    0.1714        29      1280    0.8772    0.8136    0.9035    0.6494   0.02069   0.01558         0
   158/299     10.2G   0.02431   0.03125         0    0.1096  0.006271    0.1715        30      1280    0.8769    0.8144    0.9035    0.6497   0.02068   0.01557         0
   159/299     10.2G    0.0244   0.03139         0    0.1108  0.006292    0.1729        25      1280    0.8677    0.8222    0.9037     0.649   0.02067   0.01557         0
   160/299     10.2G   0.02423   0.03129         0    0.1096  0.006258    0.1714        42      1280    0.8714     0.819    0.9037    0.6493   0.02066   0.01557         0
   161/299     10.2G   0.02414   0.03128         0    0.1083  0.006241    0.1699        41      1280    0.8751    0.8168    0.9036    0.6495   0.02064   0.01556         0
   162/299     10.2G   0.02404   0.03109         0    0.1078   0.00622    0.1692        41      1280    0.8677    0.8235    0.9037    0.6499   0.02064   0.01556         0
   163/299     10.2G   0.02432   0.03144         0      0.11  0.006254     0.172        19      1280    0.8712    0.8208     0.904    0.6499   0.02063   0.01556         0
   164/299     10.2G   0.02418   0.03131         0    0.1083  0.006234      0.17        28      1280    0.8757     0.816    0.9041    0.6503   0.02062   0.01555         0
   165/299     10.2G   0.02411   0.03112         0    0.1081  0.006219    0.1695        64      1280    0.8615    0.8296    0.9042    0.6508   0.02061   0.01554         0
   166/299     10.2G   0.02411   0.03109         0    0.1082   0.00623    0.1696        42      1280    0.8598    0.8301    0.9042    0.6504   0.02061   0.01553         0
   167/299     10.2G   0.02405    0.0312         0    0.1079  0.006206    0.1693        32      1280    0.8668    0.8241    0.9046    0.6511    0.0206   0.01553         0
   168/299     10.2G    0.0241   0.03112         0     0.108   0.00621    0.1694        28      1280    0.8677    0.8249    0.9044    0.6502    0.0206   0.01553         0
   169/299     10.2G   0.02396   0.03106         0    0.1073  0.006203    0.1685        35      1280    0.8751    0.8187    0.9049    0.6507   0.02059   0.01552         0
   170/299     10.2G   0.02414   0.03148         0    0.1085  0.006223    0.1704        23      1280    0.8767    0.8183    0.9048    0.6508   0.02057   0.01552         0
   171/299     10.2G   0.02395   0.03113         0    0.1072  0.006186    0.1684        34      1280    0.8794    0.8165    0.9048    0.6506   0.02056   0.01551         0
   172/299     10.2G   0.02398   0.03101         0    0.1069  0.006175    0.1681        33      1280    0.8483    0.8421    0.9043    0.6515   0.02055   0.01551         0
   173/299     10.2G   0.02398   0.03104         0    0.1074  0.006198    0.1686        29      1280     0.862    0.8312    0.9048    0.6515   0.02054    0.0155         0
   174/299     10.2G   0.02394   0.03103         0    0.1068   0.00618     0.168        42      1280     0.865    0.8281     0.905     0.652   0.02054    0.0155         0
   175/299     10.2G   0.02391   0.03111         0    0.1068  0.006175     0.168        31      1280    0.8689    0.8248    0.9054    0.6523   0.02054    0.0155         0
   176/299     10.2G   0.02385    0.0311         0    0.1063  0.006162    0.1674        33      1280    0.8703    0.8245    0.9055    0.6525   0.02053   0.01549         0
   177/299     10.2G   0.02393   0.03111         0    0.1069  0.006167    0.1681        34      1280    0.8757    0.8208    0.9054    0.6529   0.02052   0.01548         0
   178/299     10.2G   0.02381   0.03096         0    0.1061  0.006148     0.167        33      1280    0.8715     0.823    0.9056    0.6527   0.02052   0.01548         0
   179/299     10.2G   0.02386   0.03097         0    0.1062  0.006164    0.1672        36      1280     0.849    0.8454     0.906    0.6528   0.02051   0.01547         0
   180/299     10.2G   0.02377   0.03094         0    0.1061  0.006139    0.1669        24      1280    0.8553    0.8397    0.9061    0.6535    0.0205   0.01547         0
   181/299     10.2G   0.02378   0.03086         0    0.1061  0.006143    0.1668        30      1280    0.8542    0.8424    0.9062    0.6538   0.02049   0.01546         0
   182/299     10.2G   0.02367   0.03095         0    0.1055   0.00613    0.1662        38      1280    0.8595    0.8386    0.9061    0.6542   0.02049   0.01545         0
   183/299     10.2G   0.02368   0.03089         0    0.1053  0.006131     0.166        17      1280    0.8613     0.835    0.9064    0.6542   0.02048   0.01545         0
   184/299     10.2G   0.02368   0.03087         0    0.1053  0.006125     0.166        32      1280    0.8626    0.8334    0.9068    0.6545   0.02047   0.01544         0
   185/299     10.2G   0.02362   0.03068         0    0.1046   0.00611     0.165        25      1280    0.8666    0.8291    0.9071    0.6548   0.02046   0.01543         0
   186/299     10.2G   0.02362   0.03075         0    0.1046  0.006123    0.1651        19      1280    0.8666    0.8297    0.9068    0.6547   0.02044   0.01543         0
   187/299     10.2G    0.0237   0.03102         0     0.105  0.006105    0.1658        44      1280    0.8726    0.8267    0.9066    0.6552   0.02044   0.01543         0
   188/299     10.2G   0.02381   0.03106         0    0.1062  0.006127    0.1672        32      1280    0.8705    0.8279    0.9066    0.6556   0.02043   0.01542         0
   189/299     10.2G   0.02369    0.0309         0    0.1056  0.006121    0.1663        41      1280    0.8649    0.8328    0.9067    0.6555   0.02042   0.01542         0
   190/299     10.2G   0.02362   0.03072         0    0.1056  0.006108    0.1661        28      1280    0.8669    0.8309    0.9069     0.656   0.02041   0.01542         0
   191/299     10.2G   0.02363   0.03083         0    0.1051  0.006107    0.1656        30      1280    0.8661    0.8317    0.9067    0.6559   0.02041   0.01541         0
   192/299     10.2G   0.02354   0.03064         0    0.1043  0.006091    0.1646        38      1280    0.8632    0.8345    0.9071    0.6565   0.02039   0.01541         0
   193/299     10.2G   0.02348    0.0305         0    0.1041  0.006061    0.1641        36      1280    0.8518    0.8442    0.9072    0.6565   0.02038    0.0154         0
   194/299     10.2G   0.02353   0.03066         0    0.1041  0.006074    0.1644        35      1280    0.8498    0.8456    0.9074    0.6567   0.02037   0.01539         0
   195/299     10.2G   0.02354   0.03082         0    0.1046   0.00608     0.165        14      1280    0.8622    0.8339    0.9077    0.6566   0.02036   0.01539         0
   196/299     10.2G   0.02351   0.03054         0    0.1043  0.006076    0.1644        15      1280    0.8621    0.8355     0.908    0.6562   0.02035   0.01539         0
   197/299     10.2G   0.02336   0.03049         0    0.1026  0.006031    0.1625        34      1280    0.8632    0.8344    0.9074    0.6566   0.02033   0.01538         0
   198/299     10.2G   0.02348   0.03066         0    0.1035  0.006057    0.1637        31      1280    0.8711    0.8268    0.9075    0.6571   0.02032   0.01538         0
   199/299     10.2G   0.02341   0.03059         0    0.1038  0.006051    0.1638        34      1280    0.8569    0.8397    0.9074    0.6566   0.02031   0.01538         0
   200/299     10.2G   0.02342   0.03067         0    0.1033   0.00605    0.1635        37      1280    0.8559    0.8408    0.9076    0.6568   0.02031   0.01537         0
   201/299     10.2G   0.02333   0.03064         0    0.1032  0.006037    0.1632        24      1280    0.8728    0.8248    0.9072    0.6577    0.0203   0.01537         0
   202/299     10.2G   0.02339   0.03058         0    0.1034   0.00604    0.1634        37      1280    0.8625    0.8347    0.9074    0.6575    0.0203   0.01538         0
   203/299     10.2G   0.02337   0.03064         0    0.1028  0.006031    0.1628        27      1280    0.8693    0.8284    0.9077    0.6575   0.02029   0.01538         0
   204/299     10.2G   0.02328   0.03057         0    0.1024  0.006023    0.1623        36      1280    0.8669    0.8299    0.9076    0.6573   0.02029   0.01537         0
   205/299     10.2G   0.02342   0.03096         0     0.104  0.006047    0.1644        42      1280    0.8684    0.8299     0.908    0.6578   0.02028   0.01537         0
   206/299     10.2G   0.02348   0.03088         0    0.1041  0.006047    0.1645        22      1280    0.8619    0.8349    0.9079    0.6573   0.02028   0.01538         0
   207/299     10.2G   0.02344   0.03082         0    0.1038   0.00603     0.164        22      1280     0.866    0.8301    0.9075    0.6574   0.02028   0.01538         0
   208/299     10.2G   0.02323   0.03045         0    0.1024  0.006014    0.1621        23      1280    0.8658    0.8309    0.9078    0.6576   0.02027   0.01537         0
   209/299     10.2G   0.02331   0.03079         0    0.1032  0.006015    0.1633        25      1280      0.87    0.8265    0.9078    0.6577   0.02027   0.01537         0
   210/299     10.2G   0.02333   0.03066         0    0.1029  0.006004    0.1629        37      1280    0.8724    0.8263    0.9084    0.6575   0.02026   0.01536         0
   211/299     10.2G   0.02311   0.03044         0    0.1017  0.005989    0.1612        35      1280    0.8699    0.8283    0.9083    0.6578   0.02025   0.01536         0
   212/299     10.2G   0.02323   0.03072         0    0.1027   0.00601    0.1626        34      1280     0.868    0.8298    0.9082    0.6585   0.02024   0.01536         0
   213/299     10.2G   0.02317   0.03061         0    0.1023  0.005994    0.1621        25      1280    0.8644    0.8322    0.9081    0.6588   0.02023   0.01535         0
   214/299     10.2G   0.02321   0.03066         0    0.1029  0.005999    0.1628        41      1280    0.8499    0.8462    0.9084     0.659   0.02022   0.01535         0
   215/299     10.2G   0.02324   0.03028         0    0.1023  0.005991    0.1618        26      1280    0.8505    0.8472    0.9089    0.6592   0.02022   0.01534         0
   216/299     10.2G   0.02301   0.03038         0    0.1011  0.005973    0.1605        16      1280    0.8514    0.8474    0.9094    0.6591   0.02021   0.01534         0
   217/299     10.2G   0.02308   0.03042         0    0.1017  0.005969    0.1611        29      1280    0.8491    0.8492    0.9095    0.6598    0.0202   0.01533         0
   218/299     10.2G     0.023   0.03043         0    0.1009  0.005954    0.1603        40      1280    0.8508    0.8473    0.9093    0.6595   0.02019   0.01533         0
   219/299     10.2G   0.02303   0.03046         0    0.1014  0.005964    0.1609        20      1280    0.8518    0.8476    0.9092    0.6601   0.02018   0.01533         0
   220/299     10.2G   0.02304   0.03048         0    0.1007  0.005955    0.1602        55      1280    0.8612    0.8388    0.9097    0.6607   0.02017   0.01532         0
   221/299     10.2G     0.023   0.03038         0    0.1005  0.005949    0.1598        36      1280     0.861    0.8379    0.9098    0.6609   0.02016   0.01531         0
   222/299     10.2G   0.02303   0.03016         0    0.1005  0.005945    0.1597        59      1280     0.853    0.8456    0.9101    0.6612   0.02015    0.0153         0
   223/299     10.2G   0.02297   0.03025         0    0.1008  0.005939      0.16        23      1280    0.8666    0.8323    0.9103    0.6613   0.02015    0.0153         0
   224/299     10.2G   0.02301   0.03025         0    0.1013  0.005948    0.1606        41      1280    0.8517    0.8456      0.91    0.6616   0.02014    0.0153         0
   225/299     10.2G   0.02294    0.0303         0    0.1001  0.005932    0.1593        69      1280     0.861    0.8369    0.9098    0.6615   0.02014   0.01529         0
   226/299     10.2G   0.02292   0.03024         0    0.1003  0.005944    0.1594        43      1280    0.8517    0.8451    0.9094    0.6617   0.02013   0.01529         0
   227/299     10.2G   0.02302   0.03035         0    0.1013  0.005941    0.1607        21      1280     0.859    0.8383    0.9094    0.6618   0.02012   0.01528         0
   228/299     10.2G   0.02291   0.03031         0    0.1001  0.005917    0.1593        34      1280    0.8528    0.8447    0.9099    0.6616   0.02011   0.01528         0
   229/299     10.2G   0.02289   0.03022         0    0.1006  0.005926    0.1596        28      1280    0.8492    0.8473    0.9097    0.6616   0.02011   0.01527         0
   230/299     10.2G   0.02295   0.03024         0    0.1005  0.005927    0.1596        24      1280    0.8448    0.8525    0.9099    0.6617   0.02011   0.01527         0
   231/299     10.2G   0.02279   0.03001         0   0.09935  0.005905    0.1581        32      1280    0.8472    0.8517    0.9102    0.6618    0.0201   0.01527         0
   232/299     10.2G   0.02297   0.03043         0    0.1006  0.005917    0.1599        30      1280     0.844     0.853    0.9099     0.662   0.02009   0.01527         0
   233/299     10.2G   0.02294   0.03019         0    0.1007  0.005922    0.1598        35      1280    0.8439    0.8556    0.9102    0.6622   0.02009   0.01527         0
   234/299     10.2G    0.0228   0.03022         0   0.09983  0.005902    0.1588        34      1280    0.8461    0.8537    0.9099    0.6624   0.02008   0.01527         0
   235/299     10.2G   0.02279   0.03033         0   0.09941   0.00588    0.1584        25      1280    0.8459     0.852    0.9098    0.6626   0.02008   0.01527         0
   236/299     10.2G    0.0227   0.03004         0   0.09863   0.00589    0.1573        40      1280    0.8439    0.8548    0.9098    0.6627   0.02007   0.01527         0
   237/299     10.2G   0.02275   0.03021         0   0.09943  0.005885    0.1583        24      1280     0.843    0.8556    0.9098    0.6625   0.02007   0.01527         0
   238/299     10.2G   0.02277   0.03011         0   0.09924   0.00588     0.158        22      1280    0.8597    0.8399      0.91    0.6624   0.02006   0.01527         0
   239/299     10.2G   0.02268   0.03004         0   0.09868  0.005863    0.1573        39      1280      0.86    0.8395    0.9101    0.6626   0.02005   0.01527         0
   240/299     10.2G   0.02272   0.03011         0   0.09919  0.005869    0.1579        44      1280    0.8618    0.8386    0.9097    0.6624   0.02005   0.01526         0
   241/299     10.2G   0.02276   0.03022         0   0.09954  0.005879    0.1584        51      1280    0.8591    0.8405    0.9099    0.6624   0.02005   0.01526         0
   242/299     10.2G   0.02262   0.02994         0   0.09826  0.005857    0.1567        45      1280    0.8588    0.8427    0.9101    0.6624   0.02004   0.01526         0
   243/299     10.2G   0.02262      0.03         0   0.09776  0.005848    0.1562        44      1280    0.8623    0.8419    0.9108    0.6628   0.02004   0.01525         0
   244/299     10.2G   0.02252   0.02985         0   0.09791  0.005844    0.1561        23      1280    0.8607    0.8427    0.9107    0.6631   0.02004   0.01525         0
   245/299     10.2G   0.02255   0.03011         0   0.09803   0.00585    0.1565        33      1280    0.8587    0.8434    0.9109    0.6631   0.02004   0.01525         0
   246/299     10.2G   0.02256      0.03         0   0.09757  0.005839     0.156        27      1280    0.8538    0.8473     0.911    0.6626   0.02004   0.01525         0
   247/299     10.2G    0.0225   0.02981         0   0.09762  0.005833    0.1558        32      1280    0.8507    0.8511    0.9112    0.6631   0.02003   0.01524         0
   248/299     10.2G   0.02255   0.02998         0   0.09784  0.005846    0.1562        22      1280    0.8547    0.8473    0.9115    0.6635   0.02002   0.01524         0
   249/299     10.2G   0.02256   0.02995         0   0.09755   0.00585    0.1559        27      1280    0.8576    0.8443    0.9124     0.664   0.02002   0.01524         0
   250/299     10.2G    0.0225   0.02981         0    0.0976  0.005842    0.1558        26      1280    0.8666    0.8358    0.9121     0.664   0.02002   0.01525         0
   251/299     10.2G   0.02259   0.02994         0   0.09803  0.005842    0.1564        47      1280    0.8581    0.8438    0.9121     0.664   0.02002   0.01525         0
   252/299     10.2G   0.02255   0.02998         0   0.09751  0.005826    0.1559        27      1280    0.8587     0.843    0.9116    0.6636   0.02001   0.01525         0
   253/299     10.2G   0.02251   0.03002         0     0.098  0.005823    0.1564        15      1280    0.8576    0.8459    0.9123    0.6635   0.02001   0.01525         0
   254/299     10.2G   0.02243   0.02979         0    0.0966  0.005812    0.1546        37      1280    0.8599    0.8442    0.9127    0.6634   0.02001   0.01524         0
   255/299     10.2G   0.02246   0.02981         0   0.09737  0.005814    0.1555        28      1280    0.8621    0.8415    0.9126    0.6633      0.02   0.01523         0
   256/299     10.2G   0.02248      0.03         0   0.09763  0.005822    0.1559        28      1280    0.8645    0.8399    0.9129    0.6634      0.02   0.01523         0
   257/299     10.2G   0.02247   0.02988         0   0.09733  0.005817    0.1555        43      1280    0.8644    0.8397    0.9125    0.6635      0.02   0.01522         0
   258/299     10.2G   0.02244   0.02983         0   0.09753  0.005812    0.1556        21      1280    0.8541     0.849    0.9128    0.6642   0.01998   0.01521         0
   259/299     10.2G   0.02239   0.02989         0   0.09678    0.0058    0.1549        37      1280    0.8523    0.8533    0.9135    0.6639   0.01998   0.01521         0
   260/299     10.2G   0.02243   0.02991         0   0.09727  0.005819    0.1554        27      1280    0.8555    0.8484    0.9133    0.6644   0.01998    0.0152         0
   261/299     10.2G   0.02238   0.02972         0   0.09692  0.005801    0.1548        26      1280    0.8674    0.8363    0.9134    0.6648   0.01998    0.0152         0
   262/299     10.2G    0.0225   0.02992         0   0.09799   0.00582    0.1562        41      1280     0.862    0.8423    0.9133    0.6642   0.01998   0.01521         0
   263/299     10.2G    0.0224      0.03         0   0.09702  0.005795    0.1552        22      1280    0.8652    0.8383     0.913    0.6646   0.01997   0.01521         0
   264/299     10.2G   0.02229    0.0296         0   0.09606  0.005775    0.1537        33      1280    0.8673    0.8353    0.9129    0.6646   0.01996   0.01521         0
   265/299     10.2G   0.02234   0.02962         0   0.09604  0.005779    0.1538        20      1280    0.8665    0.8355    0.9134    0.6644   0.01995   0.01521         0
   266/299     10.2G   0.02228    0.0297         0   0.09597  0.005777    0.1537        33      1280    0.8803     0.823    0.9134    0.6645   0.01993    0.0152         0
   267/299     10.2G   0.02221   0.02969         0   0.09546  0.005762    0.1531        22      1280    0.8728      0.83     0.914     0.665   0.01992    0.0152         0
   268/299     10.2G   0.02227   0.02985         0   0.09574  0.005773    0.1536        25      1280    0.8749    0.8297    0.9143    0.6657    0.0199   0.01519         0
   269/299     10.2G    0.0222   0.02945         0   0.09529  0.005754    0.1527        30      1280    0.8762     0.829     0.914    0.6658   0.01989   0.01519         0
   270/299     10.2G   0.02213   0.02945         0   0.09487  0.005749    0.1522        32      1280    0.8771    0.8281    0.9137    0.6655   0.01988   0.01519         0
   271/299     10.2G   0.02224   0.02978         0   0.09537  0.005774    0.1532        38      1280    0.8697     0.834    0.9133    0.6655   0.01987   0.01519         0
   272/299     10.2G   0.02225   0.02955         0   0.09579  0.005774    0.1534        32      1280    0.8739      0.83     0.913     0.666   0.01986   0.01519         0
   273/299     10.2G   0.02219   0.02964         0   0.09528  0.005745    0.1529        41      1280    0.8701     0.834    0.9134    0.6659   0.01985   0.01519         0
   274/299     10.2G   0.02223    0.0296         0   0.09525  0.005758    0.1528        23      1280    0.8698    0.8333    0.9131     0.666   0.01984   0.01519         0
   275/299     10.2G   0.02225   0.02956         0   0.09582  0.005766    0.1534        28      1280    0.8691     0.835    0.9131    0.6662   0.01983   0.01519         0
   276/299     10.2G   0.02224   0.02959         0   0.09611  0.005781    0.1537        43      1280    0.8755    0.8286    0.9135    0.6658   0.01983   0.01519         0
   277/299     10.2G   0.02222    0.0296         0   0.09591  0.005755    0.1535        23      1280     0.878    0.8269    0.9132    0.6655   0.01983   0.01519         0
   278/299     10.2G   0.02226   0.02979         0   0.09607  0.005762    0.1539        26      1280    0.8716    0.8361    0.9133    0.6662   0.01983   0.01518         0
   279/299     10.2G   0.02217   0.02964         0   0.09521  0.005743    0.1528        36      1280    0.8705    0.8363    0.9135    0.6669   0.01983   0.01518         0
   280/299     10.2G   0.02213   0.02973         0   0.09531   0.00574    0.1529        31      1280    0.8736    0.8328    0.9135    0.6668   0.01982   0.01518         0
   281/299     10.2G   0.02216   0.02961         0   0.09542  0.005755    0.1529        36      1280    0.8778    0.8304    0.9137    0.6671   0.01981   0.01517         0
   282/299     10.2G   0.02217   0.02959         0   0.09527  0.005754    0.1528        40      1280    0.8738    0.8334    0.9136    0.6675   0.01981   0.01517         0
   283/299     10.2G   0.02217   0.02965         0   0.09496  0.005718    0.1525        37      1280    0.8737    0.8319    0.9139    0.6672    0.0198   0.01517         0
   284/299     10.2G   0.02206   0.02948         0   0.09446  0.005717    0.1517        41      1280    0.8581    0.8463    0.9139    0.6673    0.0198   0.01517         0
   285/299     10.2G   0.02216   0.02953         0   0.09486  0.005721    0.1523        22      1280    0.8452      0.86    0.9137    0.6678   0.01979   0.01516         0
   286/299     10.2G   0.02214   0.02962         0   0.09503  0.005736    0.1525        25      1280    0.8493    0.8574    0.9137    0.6681   0.01979   0.01516         0
   287/299     10.2G   0.02212   0.02946         0   0.09491   0.00574    0.1522        27      1280    0.8485     0.857    0.9136    0.6683   0.01978   0.01516         0
   288/299     10.2G   0.02219   0.02959         0   0.09541  0.005745    0.1529        34      1280    0.8605    0.8448    0.9136    0.6681   0.01978   0.01515         0
   289/299     10.2G   0.02217   0.02957         0   0.09518  0.005725    0.1527        27      1280    0.8581     0.848    0.9141    0.6686   0.01977   0.01514         0
   290/299     10.2G   0.02211   0.02961         0   0.09467  0.005726    0.1521        29      1280    0.8538    0.8515     0.914    0.6688   0.01976   0.01514         0
   291/299     10.2G   0.02206   0.02947         0    0.0947  0.005718    0.1519        35      1280    0.8546    0.8511    0.9142    0.6688   0.01976   0.01513         0
   292/299     10.2G   0.02221   0.02972         0   0.09521  0.005733    0.1529        24      1280     0.848     0.858     0.914    0.6688   0.01976   0.01512         0
   293/299     10.2G   0.02209   0.02955         0   0.09479  0.005732    0.1522        40      1280    0.8428    0.8626    0.9142    0.6691   0.01976   0.01512         0
   294/299     10.2G   0.02213   0.02966         0   0.09448  0.005715     0.152        21      1280    0.8495    0.8567    0.9147    0.6695   0.01976   0.01512         0
   295/299     10.2G   0.02205    0.0294         0   0.09416  0.005705    0.1513        22      1280    0.8471    0.8578    0.9146    0.6686   0.01976   0.01511         0
   296/299     10.2G    0.0221   0.02957         0   0.09495  0.005719    0.1523        30      1280     0.849    0.8565    0.9145     0.669   0.01975   0.01511         0
   297/299     10.2G   0.02213   0.02946         0   0.09505  0.005731    0.1524        31      1280    0.8553    0.8514    0.9147    0.6691   0.01975   0.01511         0
   298/299     10.2G   0.02206   0.02942         0   0.09466  0.005715    0.1519        18      1280     0.861    0.8467    0.9151     0.669   0.01975   0.01511         0
   299/299     10.2G   0.02211   0.02964         0   0.09427  0.005696    0.1517        35      1280     0.851    0.8567     0.915    0.6689   0.01975    0.0151         0
