     0/299     2.18G    0.0412     0.055         0    0.3382   0.01387    0.4482       205       640     0.854    0.8036    0.8781    0.5438   0.03007   0.01567         0
     1/299     8.47G   0.03464   0.02709         0    0.2669   0.01241     0.341       230       640    0.8637      0.77    0.8675    0.5284   0.02977   0.01563         0
     2/299     8.47G   0.03355   0.02839         0    0.2307    0.0115    0.3041       207       640    0.7912    0.7321    0.8056    0.4541   0.03225   0.01838         0
     3/299     8.47G   0.03293   0.02988         0    0.2131   0.01073    0.2867       216       640    0.7869    0.6983    0.7915     0.461   0.03213   0.01796         0
     4/299     8.47G   0.03213   0.02992         0    0.2006   0.01003    0.2727       209       640    0.8451    0.7286    0.8333    0.4987      0.03   0.01672         0
     5/299     8.47G   0.03174   0.02983         0    0.1916  0.009519    0.2627       226       640    0.8266    0.7497    0.8397    0.5041   0.02988   0.01657         0
     6/299     8.47G    0.0313   0.02919         0    0.1849  0.009146    0.2545       182       640    0.8718     0.719    0.8296    0.5103    0.0296   0.01708         0
     7/299     8.47G   0.03098   0.02924         0    0.1807  0.008904    0.2498       207       640    0.8444    0.7587    0.8491    0.5227   0.02876    0.0163         0
     8/299     8.47G   0.03073   0.02916         0    0.1766  0.008715    0.2453       215       640    0.8494     0.775    0.8637    0.5381   0.02813   0.01581         0
     9/299     8.47G   0.03053   0.02913         0    0.1732  0.008565    0.2414       190       640    0.8664    0.7609     0.868    0.5494   0.02754   0.01549         0
    10/299     8.47G   0.03041   0.02889         0    0.1695  0.008438    0.2373       200       640    0.8739     0.762    0.8713    0.5531   0.02715   0.01537         0
    11/299     8.47G   0.03024   0.02885         0    0.1666  0.008348     0.234       243       640    0.8678     0.779    0.8744    0.5592   0.02686    0.0152         0
    12/299     8.47G   0.03024   0.02896         0     0.166  0.008275    0.2335       210       640    0.8615    0.7767    0.8735    0.5635   0.02659   0.01518         0
    13/299     8.47G   0.02989   0.02869         0    0.1627  0.008191    0.2294       203       640    0.8714    0.7755    0.8765    0.5659   0.02627   0.01517         0
    14/299     8.47G   0.02971   0.02877         0    0.1607  0.008109    0.2273       222       640    0.8615    0.7848    0.8794    0.5711   0.02606   0.01498         0
    15/299     8.47G   0.02962   0.02856         0     0.159  0.008047    0.2252       176       640    0.8423    0.8035    0.8826    0.5762    0.0258   0.01488         0
    16/299     8.47G   0.02963   0.02869         0    0.1593  0.008025    0.2256       161       640     0.851    0.7986    0.8838    0.5792   0.02573   0.01484         0
    17/299     8.47G   0.02944   0.02856         0    0.1568  0.007964    0.2227       257       640    0.8595    0.7942    0.8838    0.5817   0.02553   0.01473         0
    18/299     8.47G   0.02929   0.02847         0    0.1555  0.007901    0.2212       171       640    0.8651    0.7925    0.8836    0.5837    0.0254    0.0147         0
    19/299     8.47G   0.02917   0.02836         0    0.1539   0.00787    0.2193       183       640     0.869    0.7903    0.8848    0.5867   0.02527   0.01466         0
    20/299     8.47G   0.02909   0.02823         0    0.1528  0.007824    0.2179       191       640    0.8627    0.7975    0.8865    0.5875   0.02517   0.01462         0
    21/299     8.47G   0.02909   0.02838         0    0.1533  0.007812    0.2186       171       640    0.8767    0.7846    0.8881    0.5883   0.02512   0.01459         0
    22/299     8.47G   0.02905    0.0283         0    0.1521  0.007786    0.2173       191       640    0.8698    0.7912    0.8882    0.5891   0.02503   0.01458         0
    23/299     8.47G   0.02901   0.02827         0    0.1521  0.007762    0.2171       217       640    0.8798    0.7801    0.8874    0.5901   0.02499   0.01457         0
    24/299     8.47G   0.02899   0.02834         0    0.1514   0.00773    0.2165       229       640    0.8646    0.7928    0.8877    0.5893   0.02496   0.01455         0
    25/299     8.47G   0.02905   0.02851         0    0.1511  0.007712    0.2163       204       640    0.8451    0.8134    0.8881     0.591   0.02493   0.01454         0
    26/299     8.47G   0.02872   0.02817         0    0.1483  0.007656    0.2128       229       640    0.8464    0.8122     0.888    0.5918   0.02489   0.01453         0
    27/299     8.47G   0.02867   0.02818         0    0.1477  0.007628    0.2122       177       640    0.8705    0.7927    0.8891    0.5933   0.02484   0.01451         0
    28/299     8.47G   0.02864   0.02814         0    0.1478  0.007617    0.2122       229       640    0.8573    0.8075    0.8897    0.5934    0.0248   0.01449         0
    29/299     8.47G    0.0289   0.02835         0    0.1492  0.007619    0.2141       228       640    0.8645    0.8005    0.8894    0.5935   0.02479   0.01449         0
    30/299     8.47G   0.02864   0.02801         0     0.147  0.007585    0.2112       208       640     0.861    0.8035    0.8896    0.5936   0.02475   0.01447         0
    31/299     8.47G   0.02859   0.02806         0    0.1461  0.007562    0.2103       203       640     0.859     0.806    0.8902    0.5944   0.02472   0.01445         0
    32/299     8.47G   0.02848   0.02806         0    0.1451  0.007529    0.2092       229       640    0.8579     0.807    0.8911     0.595   0.02468   0.01445         0
    33/299     8.47G   0.02843   0.02796         0    0.1445  0.007526    0.2084       197       640    0.8783    0.7899    0.8916    0.5959   0.02463   0.01443         0
    34/299     8.47G   0.02836   0.02791         0    0.1438  0.007496    0.2076       223       640    0.8567    0.8065    0.8908    0.5961    0.0246   0.01441         0
    35/299     8.47G   0.02839   0.02807         0    0.1439   0.00749    0.2079       182       640    0.8739    0.7923    0.8907    0.5965   0.02458    0.0144         0
    36/299     8.47G   0.02851   0.02808         0    0.1444  0.007489    0.2084       243       640    0.8745    0.7913    0.8903    0.5975   0.02455   0.01439         0
    37/299     8.47G   0.02834    0.0279         0    0.1427   0.00746    0.2064       221       640    0.8751    0.7925    0.8914    0.5983   0.02453   0.01438         0
    38/299     8.47G   0.02822   0.02782         0    0.1422  0.007448    0.2056       205       640     0.874    0.7949    0.8923    0.5988   0.02451   0.01437         0
    39/299     8.47G   0.02828   0.02784         0     0.142  0.007441    0.2055       229       640    0.8753    0.7947    0.8922     0.599   0.02449   0.01436         0
    40/299     8.47G    0.0284   0.02808         0     0.144  0.007455    0.2079       244       640    0.8677    0.8002    0.8924    0.6004   0.02446   0.01435         0
    41/299     8.47G   0.02829   0.02787         0    0.1424   0.00742     0.206       197       640    0.8727    0.7952    0.8927    0.6004   0.02444   0.01433         0
    42/299     8.47G   0.02827   0.02787         0    0.1416  0.007407    0.2051       198       640    0.8676    0.7999    0.8929    0.6012   0.02442   0.01432         0
    43/299     8.47G    0.0282   0.02803         0    0.1414  0.007405    0.2051       225       640    0.8722    0.7974    0.8932    0.6019   0.02439   0.01431         0
    44/299     8.47G   0.02807   0.02767         0      0.14  0.007374    0.2032       204       640    0.8821    0.7888    0.8934    0.6023   0.02436   0.01429         0
    45/299     8.47G   0.02802   0.02772         0    0.1396  0.007357    0.2027       195       640    0.8781    0.7918    0.8937    0.6027   0.02434   0.01428         0
    46/299     8.47G   0.02805   0.02775         0    0.1394   0.00735    0.2026       249       640    0.8764    0.7928    0.8942    0.6032   0.02433   0.01427         0
    47/299     8.47G   0.02802   0.02781         0    0.1393  0.007335    0.2024       148       640    0.8775    0.7919    0.8945    0.6034   0.02431   0.01426         0
    48/299     8.47G   0.02812   0.02784         0    0.1397  0.007345     0.203       238       640    0.8797    0.7903    0.8947    0.6034   0.02429   0.01425         0
    49/299     8.47G   0.02808   0.02777         0    0.1388  0.007333     0.202       234       640    0.8822    0.7896    0.8953    0.6036   0.02427   0.01424         0
    50/299     8.47G   0.02783   0.02767         0    0.1378   0.00731    0.2006       177       640    0.8834    0.7889     0.895    0.6042   0.02425   0.01424         0
    51/299     8.47G   0.02811   0.02784         0    0.1396  0.007333    0.2028       203       640    0.8757    0.7961    0.8956    0.6038   0.02423   0.01424         0
    52/299     8.47G   0.02799   0.02767         0    0.1383  0.007312    0.2013       210       640    0.8922    0.7832    0.8959    0.6047    0.0242   0.01423         0
    53/299     8.47G   0.02794   0.02764         0    0.1388  0.007304    0.2017       179       640    0.8816    0.7923    0.8957    0.6051   0.02418   0.01422         0
    54/299     8.47G   0.02778    0.0275         0    0.1367  0.007269    0.1993       189       640    0.8686    0.8022    0.8957    0.6057   0.02416   0.01422         0
    55/299     8.47G    0.0279   0.02764         0    0.1371  0.007278    0.1999       203       640    0.8639    0.8068    0.8966    0.6065   0.02414   0.01421         0
    56/299     8.47G   0.02784   0.02764         0    0.1372  0.007282       0.2       220       640     0.872    0.8001    0.8952    0.6067   0.02411   0.01421         0
    57/299     8.47G   0.02779   0.02769         0    0.1362  0.007254    0.1989       210       640    0.8692    0.8025    0.8954    0.6075   0.02408    0.0142         0
    58/299     8.47G   0.02794   0.02783         0    0.1375  0.007264    0.2005       247       640    0.8902    0.7854    0.8957    0.6079   0.02406   0.01419         0
    59/299     8.47G    0.0278   0.02756         0    0.1364  0.007239     0.199       224       640    0.8687    0.8011    0.8959    0.6081   0.02404   0.01419         0
    60/299     8.47G   0.02766   0.02749         0    0.1349  0.007222    0.1973       192       640    0.8705    0.7999    0.8962    0.6083   0.02402   0.01418         0
    61/299     8.47G   0.02771   0.02751         0    0.1355  0.007218    0.1979       267       640    0.8645    0.8065    0.8963    0.6087   0.02399   0.01418         0
    62/299     8.47G   0.02764   0.02747         0    0.1348  0.007221    0.1972       207       640    0.8655    0.8031    0.8958    0.6091   0.02397   0.01417         0
    63/299     8.47G   0.02754   0.02748         0    0.1343  0.007201    0.1965       235       640    0.8637    0.8038    0.8968    0.6097   0.02393   0.01415         0
    64/299     8.47G   0.02762   0.02758         0    0.1347  0.007202    0.1971       211       640     0.869    0.7994    0.8964    0.6101   0.02391   0.01415         0
    65/299     8.47G   0.02778   0.02774         0    0.1353  0.007211     0.198       193       640    0.8724    0.7975    0.8967    0.6102   0.02389   0.01414         0
    66/299     8.47G   0.02774   0.02748         0    0.1349  0.007199    0.1974       200       640    0.8721    0.7987     0.897     0.611   0.02387   0.01414         0
    67/299     8.47G   0.02755   0.02738         0     0.134  0.007172    0.1961       175       640    0.8735    0.7979    0.8974    0.6109   0.02385   0.01413         0
    68/299     8.47G   0.02765   0.02752         0    0.1347   0.00719    0.1971       205       640    0.8676    0.8018    0.8971    0.6113   0.02383   0.01413         0
    69/299     8.47G   0.02755   0.02742         0    0.1338  0.007165    0.1959       264       640    0.8716    0.7992    0.8977    0.6121   0.02381   0.01413         0
    70/299     8.47G   0.02764   0.02751         0    0.1341  0.007175    0.1965       172       640    0.8645    0.8051    0.8975    0.6114   0.02379   0.01412         0
    71/299     8.47G   0.02764   0.02753         0    0.1345  0.007185    0.1969       194       640    0.8681    0.8012    0.8975    0.6121   0.02377   0.01412         0
    72/299     8.47G   0.02775   0.02776         0    0.1357  0.007192    0.1984       180       640    0.8521    0.8161    0.8971     0.612   0.02376   0.01412         0
    73/299     8.47G   0.02778   0.02775         0    0.1354  0.007176    0.1981       227       640    0.8537    0.8172    0.8972     0.612   0.02375   0.01412         0
    74/299     8.47G   0.02748   0.02746         0    0.1327  0.007128    0.1948       253       640    0.8565    0.8129    0.8977    0.6128   0.02374   0.01412         0
    75/299     8.47G   0.02745   0.02745         0    0.1327  0.007137    0.1947       237       640    0.8593    0.8088    0.8978    0.6125   0.02372   0.01411         0
    76/299     8.47G   0.02743   0.02739         0    0.1328   0.00714    0.1948       235       640    0.8752    0.7958    0.8977    0.6126   0.02371   0.01411         0
    77/299     8.47G   0.02742   0.02744         0    0.1322  0.007129    0.1942       220       640    0.8717    0.7991    0.8982    0.6131   0.02369    0.0141         0
    78/299     8.47G   0.02733   0.02735         0    0.1316  0.007112    0.1934       246       640    0.8616    0.8076    0.8973    0.6127   0.02367   0.01409         0
    79/299     8.47G   0.02735   0.02737         0    0.1313  0.007096    0.1932       236       640    0.8679    0.8019    0.8973    0.6129   0.02366   0.01409         0
    80/299     8.47G   0.02728   0.02717         0    0.1311    0.0071    0.1927       228       640    0.8742    0.7974    0.8969    0.6129   0.02364   0.01408         0
    81/299     8.47G   0.02746   0.02755         0    0.1322  0.007111    0.1943       196       640    0.8692    0.8024    0.8979    0.6132   0.02362   0.01407         0
    82/299     8.47G   0.02751   0.02752         0    0.1331  0.007116    0.1952       226       640     0.869    0.8021    0.8979    0.6136   0.02361   0.01406         0
    83/299     8.47G   0.02734   0.02738         0     0.131  0.007084    0.1928       233       640    0.8524    0.8183    0.8981    0.6144    0.0236   0.01405         0
    84/299     8.47G   0.02749   0.02743         0    0.1326  0.007103    0.1947       278       640    0.8794    0.7959    0.8981    0.6141   0.02359   0.01405         0
    85/299     8.47G   0.02733   0.02741         0     0.132  0.007094    0.1938       210       640     0.856    0.8182    0.8982    0.6141   0.02357   0.01405         0
    86/299     8.47G   0.02747   0.02756         0    0.1333  0.007112    0.1955       222       640    0.8678    0.8094    0.8985    0.6142   0.02356   0.01405         0
    87/299     8.47G   0.02725   0.02731         0    0.1308  0.007068    0.1925       260       640    0.8723    0.8052    0.8988    0.6146   0.02354   0.01404         0
    88/299     8.47G   0.02738   0.02749         0    0.1315  0.007079    0.1934       169       640    0.8777    0.8001    0.8994    0.6148   0.02353   0.01404         0
    89/299     8.47G    0.0274   0.02742         0    0.1318  0.007065    0.1937       200       640    0.8659    0.8104    0.8991    0.6145   0.02352   0.01403         0
    90/299     8.47G    0.0274   0.02757         0    0.1319  0.007076     0.194       203       640    0.8591     0.816    0.8991     0.614   0.02351   0.01404         0
    91/299     8.47G   0.02737   0.02738         0     0.131   0.00706    0.1928       179       640    0.8618    0.8131    0.8988    0.6146    0.0235   0.01404         0
    92/299     8.47G   0.02734   0.02735         0    0.1307   0.00705    0.1924       246       640    0.8949    0.7857     0.899    0.6144   0.02349   0.01404         0
    93/299     8.47G   0.02712   0.02747         0     0.129  0.007023    0.1906       209       640    0.8857    0.7928    0.8993    0.6141   0.02349   0.01403         0
    94/299     8.47G   0.02715   0.02724         0    0.1294  0.007024    0.1908       211       640    0.8976    0.7837    0.8996    0.6143   0.02348   0.01403         0
    95/299     8.47G   0.02708   0.02715         0    0.1285  0.007022    0.1897       207       640    0.8867    0.7914     0.899    0.6146   0.02348   0.01402         0
    96/299     8.47G   0.02721   0.02731         0    0.1293   0.00703    0.1909       214       640    0.8649    0.8112    0.8995    0.6144   0.02346   0.01401         0
    97/299     8.47G   0.02708   0.02722         0    0.1289  0.007019    0.1902       223       640    0.8944    0.7854    0.8998    0.6155   0.02344     0.014         0
    98/299     8.47G   0.02713    0.0273         0    0.1292  0.007005    0.1906       217       640    0.8935    0.7856    0.9002    0.6154   0.02342     0.014         0
    99/299     8.47G   0.02702   0.02719         0    0.1285  0.006995    0.1897       206       640    0.8903    0.7881    0.8995    0.6152    0.0234     0.014         0
   100/299     8.47G   0.02698     0.027         0    0.1281  0.006993    0.1891       258       640    0.8917    0.7885       0.9    0.6161   0.02339   0.01399         0
   101/299     8.47G   0.02697   0.02726         0    0.1281  0.006987    0.1893       204       640    0.8896    0.7897    0.8996    0.6158   0.02338   0.01399         0
   102/299     8.47G    0.0269   0.02723         0    0.1269  0.006978     0.188       217       640    0.8819     0.796    0.8997    0.6156   0.02337   0.01398         0
   103/299     8.47G   0.02703   0.02721         0    0.1283  0.006982    0.1896       232       640    0.8797    0.7961    0.8996    0.6158   0.02336   0.01398         0
   104/299     8.47G   0.02703   0.02729         0     0.128  0.006988    0.1893       202       640     0.891    0.7875    0.8991    0.6156   0.02336   0.01397         0
   105/299     8.47G   0.02698   0.02709         0    0.1276  0.006972    0.1887       221       640     0.865    0.8078    0.8994    0.6159   0.02334   0.01397         0
   106/299     8.47G   0.02688     0.027         0    0.1268  0.006954    0.1876       226       640    0.8763    0.7974    0.8992    0.6162   0.02333   0.01396         0
   107/299     8.47G     0.027   0.02725         0    0.1278  0.006973     0.189       232       640    0.8649    0.8081    0.8995    0.6159   0.02331   0.01396         0
   108/299     8.47G   0.02686   0.02706         0    0.1266   0.00694    0.1875       250       640     0.869    0.8049    0.8995    0.6166    0.0233   0.01395         0
   109/299     8.47G    0.0269   0.02719         0    0.1273  0.006942    0.1884       238       640    0.8863    0.7908    0.8999    0.6174    0.0233   0.01394         0
   110/299     8.47G   0.02682   0.02707         0     0.127  0.006946    0.1879       232       640    0.8859     0.792    0.8998    0.6166    0.0233   0.01394         0
   111/299     8.47G   0.02679   0.02704         0    0.1262  0.006925     0.187       239       640    0.8829    0.7944    0.9001     0.617   0.02328   0.01393         0
   112/299     8.47G   0.02694   0.02712         0     0.128  0.006943     0.189       232       640    0.8844    0.7944       0.9    0.6172   0.02327   0.01393         0
   113/299     8.47G   0.02734   0.02766         0    0.1311  0.006997    0.1932       217       640    0.8568    0.8196    0.8999    0.6183   0.02328   0.01393         0
   114/299     8.47G   0.02688   0.02717         0    0.1271  0.006927    0.1881       225       640    0.8916    0.7895    0.9003    0.6179   0.02327   0.01393         0
   115/299     8.47G   0.02685   0.02722         0    0.1266  0.006914    0.1875       217       640    0.8825    0.7968    0.9003    0.6185   0.02326   0.01393         0
   116/299     8.47G   0.02687   0.02716         0     0.127  0.006921     0.188       180       640    0.8848    0.7959    0.9006    0.6192   0.02325   0.01393         0
   117/299     8.47G   0.02674   0.02691         0    0.1253  0.006899    0.1859       235       640    0.8858     0.796    0.9006    0.6194   0.02323   0.01392         0
   118/299     8.47G   0.02682   0.02692         0    0.1257  0.006901    0.1864       196       640    0.8851    0.7966     0.901    0.6195   0.02322   0.01391         0
   119/299     8.47G   0.02668   0.02696         0    0.1253  0.006892    0.1858       244       640    0.8815    0.7973    0.9008      0.62    0.0232    0.0139         0
   120/299     8.47G   0.02657   0.02681         0     0.124  0.006871    0.1843       223       640    0.8747    0.8051     0.901    0.6207   0.02318   0.01389         0
   121/299     8.47G    0.0267    0.0271         0    0.1247  0.006886    0.1854       224       640    0.8714    0.8076     0.901    0.6211   0.02316   0.01389         0
   122/299     8.47G   0.02689   0.02718         0    0.1263  0.006911    0.1873       149       640     0.881    0.8001    0.9011    0.6208   0.02315   0.01388         0
   123/299     8.47G   0.02658   0.02685         0    0.1244  0.006871    0.1847       176       640    0.8908     0.793    0.9013    0.6214   0.02314   0.01388         0
   124/299     8.47G   0.02677   0.02709         0    0.1252  0.006879    0.1859       239       640    0.8774    0.8041    0.9015    0.6224   0.02313   0.01388         0
   125/299     8.47G   0.02667   0.02696         0     0.125   0.00688    0.1855       181       640    0.8763    0.8059    0.9021    0.6227   0.02312   0.01387         0
   126/299     8.47G    0.0268   0.02706         0    0.1258   0.00688    0.1865       208       640    0.8743    0.8083    0.9021    0.6231   0.02311   0.01387         0
   127/299     8.47G    0.0267    0.0271         0    0.1255  0.006885    0.1862       207       640    0.8776    0.8056    0.9019    0.6233   0.02309   0.01387         0
   128/299     8.47G   0.02658   0.02685         0    0.1248   0.00685    0.1851       233       640    0.8746    0.8089    0.9022    0.6233   0.02308   0.01386         0
   129/299     8.47G   0.02652   0.02691         0    0.1238  0.006852    0.1841       178       640    0.8719    0.8115    0.9022    0.6233   0.02307   0.01386         0
   130/299     8.47G   0.02663   0.02701         0     0.125  0.006856    0.1855       213       640    0.8813    0.8034    0.9021    0.6232   0.02306   0.01385         0
   131/299     8.47G   0.02647   0.02683         0    0.1235  0.006833    0.1837       190       640    0.8691     0.813     0.902    0.6233   0.02305   0.01385         0
   132/299     8.47G   0.02648   0.02694         0    0.1237  0.006814    0.1839       218       640    0.8672    0.8145    0.9015    0.6231   0.02304   0.01384         0
   133/299     8.47G   0.02636   0.02677         0    0.1232  0.006819    0.1831       225       640    0.8635    0.8183    0.9013    0.6236   0.02302   0.01384         0
   134/299     8.47G   0.02647   0.02688         0    0.1236  0.006819    0.1838       245       640    0.8568    0.8243    0.9014    0.6237   0.02301   0.01384         0
   135/299     8.47G    0.0264   0.02681         0    0.1231  0.006789    0.1831       231       640    0.8729    0.8125    0.9021     0.624   0.02299   0.01384         0
   136/299     8.47G   0.02627   0.02686         0    0.1223  0.006815    0.1822       209       640    0.8698    0.8163     0.902    0.6242   0.02298   0.01383         0
   137/299     8.47G   0.02629   0.02665         0    0.1221  0.006786    0.1818       219       640    0.8675    0.8196    0.9027    0.6249   0.02296   0.01383         0
   138/299     8.47G   0.02652   0.02708         0    0.1246  0.006828     0.185       188       640    0.8651    0.8185    0.9016    0.6246   0.02296   0.01382         0
   139/299     8.47G   0.02663   0.02724         0     0.125  0.006832    0.1857       254       640    0.8675    0.8163    0.9017    0.6242   0.02297   0.01383         0
   140/299     8.47G   0.02636   0.02679         0    0.1225  0.006778    0.1824       196       640     0.867    0.8163    0.9019    0.6242   0.02296   0.01382         0
   141/299     8.47G   0.02625   0.02668         0    0.1225  0.006778    0.1822       190       640    0.8605    0.8227    0.9024    0.6246   0.02295   0.01381         0
   142/299     8.47G   0.02622   0.02676         0    0.1211  0.006766    0.1809       218       640    0.8657    0.8194    0.9024    0.6247   0.02293   0.01381         0
   143/299     8.47G   0.02634   0.02677         0    0.1227  0.006773    0.1826       195       640    0.8697    0.8165    0.9028    0.6252   0.02291    0.0138         0
   144/299     8.47G   0.02621   0.02678         0    0.1215  0.006761    0.1813       222       640    0.8723    0.8139    0.9031    0.6258    0.0229   0.01379         0
   145/299     8.47G    0.0261   0.02661         0    0.1211  0.006749    0.1806       230       640    0.8812    0.8073    0.9032    0.6263   0.02289   0.01379         0
   146/299     8.47G   0.02661   0.02721         0    0.1252  0.006813    0.1858       193       640    0.8795    0.8097    0.9028     0.626    0.0229   0.01379         0
   147/299     8.47G    0.0263   0.02685         0    0.1227  0.006766    0.1826       179       640    0.8791    0.8095    0.9025    0.6264    0.0229   0.01379         0
   148/299     8.47G    0.0263   0.02686         0    0.1225  0.006764    0.1825       205       640      0.87     0.816    0.9025    0.6261   0.02291   0.01379         0
   149/299     8.47G   0.02613   0.02655         0     0.121  0.006737    0.1804       244       640    0.8739    0.8142    0.9032    0.6263    0.0229   0.01379         0
   150/299     8.47G   0.02617   0.02674         0    0.1211  0.006738    0.1808       179       640    0.8948    0.7968     0.903    0.6265    0.0229   0.01378         0
   151/299     8.47G   0.02613   0.02672         0    0.1208  0.006729    0.1804       246       640    0.8742    0.8125    0.9028     0.627   0.02289   0.01377         0
   152/299     8.47G   0.02635   0.02692         0    0.1227  0.006752    0.1827       258       640     0.873    0.8139    0.9029    0.6275   0.02288   0.01377         0
   153/299     8.47G   0.02616   0.02681         0    0.1211  0.006716    0.1808       219       640    0.8806    0.8094    0.9032    0.6273   0.02287   0.01376         0
   154/299     8.47G   0.02601   0.02668         0    0.1203  0.006712    0.1797       242       640    0.8816    0.8087    0.9035    0.6277   0.02286   0.01376         0
   155/299     8.47G   0.02602   0.02659         0    0.1202  0.006702    0.1795       240       640    0.8875    0.8038    0.9037    0.6282   0.02285   0.01375         0
   156/299     8.47G    0.0261    0.0267         0    0.1205  0.006714      0.18       202       640    0.8817    0.8095    0.9038    0.6282   0.02284   0.01374         0
   157/299     8.47G   0.02598   0.02651         0      0.12    0.0067    0.1792       230       640    0.8827    0.8092    0.9039    0.6277   0.02283   0.01374         0
   158/299     8.47G   0.02599   0.02654         0    0.1202  0.006705    0.1795       198       640     0.878    0.8117    0.9038    0.6284   0.02282   0.01374         0
   159/299     8.47G   0.02604   0.02659         0    0.1201  0.006707    0.1795       168       640     0.875    0.8143    0.9042    0.6286   0.02281   0.01374         0
   160/299     8.47G   0.02617    0.0268         0    0.1221   0.00671    0.1818       214       640    0.8764    0.8128    0.9049     0.629    0.0228   0.01374         0
   161/299     8.47G    0.0261   0.02685         0    0.1212  0.006711    0.1808       230       640    0.8851    0.8045    0.9042    0.6285    0.0228   0.01374         0
   162/299     8.47G   0.02591   0.02664         0      0.12  0.006675    0.1792       230       640    0.8839    0.8058    0.9044    0.6293   0.02278   0.01374         0
   163/299     8.47G   0.02603   0.02672         0    0.1207  0.006698    0.1802       252       640    0.8814    0.8094    0.9046    0.6296   0.02277   0.01375         0
   164/299     8.47G   0.02587   0.02653         0    0.1191  0.006663    0.1781       173       640     0.888    0.8036    0.9045      0.63   0.02276   0.01374         0
   165/299     8.47G   0.02576   0.02642         0    0.1187  0.006641    0.1775       197       640    0.8888    0.8015    0.9043    0.6303   0.02274   0.01374         0
   166/299     8.47G   0.02583    0.0265         0    0.1192   0.00666    0.1782       205       640    0.8863    0.8032    0.9042    0.6312   0.02272   0.01373         0
   167/299     8.47G   0.02581   0.02657         0    0.1192  0.006654    0.1782       215       640    0.8641    0.8219    0.9036     0.631   0.02271   0.01372         0
   168/299     8.47G   0.02581   0.02643         0    0.1187  0.006641    0.1776       195       640     0.886    0.8035    0.9035     0.631    0.0227   0.01372         0
   169/299     8.47G   0.02581   0.02654         0    0.1188  0.006636    0.1778       216       640    0.8838    0.8059    0.9032    0.6311   0.02269   0.01371         0
   170/299     8.47G   0.02575   0.02654         0    0.1188  0.006642    0.1777       191       640    0.8858    0.8043    0.9034    0.6317   0.02268   0.01371         0
   171/299     8.47G   0.02568   0.02639         0     0.118  0.006618    0.1767       197       640    0.8837    0.8054    0.9033    0.6313   0.02266   0.01371         0
   172/299     8.47G   0.02562   0.02633         0    0.1174  0.006596    0.1759       224       640    0.8835    0.8071    0.9028    0.6314   0.02265   0.01371         0
   173/299     8.47G   0.02578   0.02661         0    0.1188  0.006626    0.1778       228       640    0.8801    0.8106    0.9033    0.6313   0.02263   0.01371         0
   174/299     8.47G   0.02567   0.02639         0    0.1175  0.006608    0.1762       215       640    0.8841    0.8074    0.9028    0.6313   0.02262    0.0137         0
   175/299     8.47G   0.02564   0.02645         0    0.1175  0.006609    0.1762       215       640    0.8776    0.8128    0.9031    0.6308   0.02262    0.0137         0
   176/299     8.47G   0.02554   0.02646         0    0.1167  0.006604    0.1753       198       640    0.8687    0.8219    0.9042    0.6312   0.02262    0.0137         0
   177/299     8.47G   0.02569   0.02648         0    0.1182  0.006606     0.177       216       640    0.8766    0.8155    0.9042    0.6312   0.02261    0.0137         0
   178/299     8.47G   0.02552   0.02634         0    0.1168  0.006573    0.1752       195       640    0.8796    0.8128    0.9045    0.6311    0.0226    0.0137         0
   179/299     8.47G   0.02589   0.02655         0    0.1201  0.006634    0.1792       235       640    0.8779    0.8136    0.9044     0.632    0.0226    0.0137         0
   180/299     8.47G   0.02555   0.02642         0    0.1174   0.00657     0.176       169       640    0.8831    0.8087    0.9045    0.6315   0.02259    0.0137         0
   181/299     8.47G    0.0256   0.02638         0    0.1175  0.006582    0.1761       226       640     0.885    0.8084    0.9045    0.6316   0.02258   0.01369         0
   182/299     8.47G   0.02562   0.02649         0    0.1174   0.00657    0.1761       209       640    0.8853     0.809    0.9046    0.6312   0.02257   0.01369         0
   183/299     8.47G   0.02546   0.02636         0    0.1163  0.006564    0.1747       225       640     0.887    0.8071    0.9044     0.632   0.02256   0.01369         0
   184/299     8.47G   0.02543   0.02626         0    0.1168  0.006561     0.175       180       640    0.8869    0.8071    0.9043    0.6323   0.02254   0.01368         0
   185/299     8.47G   0.02545    0.0262         0    0.1161  0.006549    0.1743       247       640    0.8854    0.8059    0.9044    0.6327   0.02253   0.01367         0
   186/299     8.47G    0.0254   0.02632         0    0.1157  0.006547     0.174       230       640    0.8798    0.8106    0.9047    0.6329   0.02252   0.01367         0
   187/299     8.47G   0.02534   0.02623         0    0.1154  0.006531    0.1735       187       640    0.8832    0.8085    0.9047    0.6329   0.02251   0.01366         0
   188/299     8.47G   0.02535   0.02622         0    0.1155  0.006535    0.1736       195       640    0.8779    0.8128    0.9045    0.6332    0.0225   0.01366         0
   189/299     8.47G   0.02536   0.02633         0    0.1159  0.006538    0.1741       235       640    0.8865    0.8053    0.9047    0.6341    0.0225   0.01366         0
   190/299     8.47G   0.02535   0.02612         0     0.116  0.006524     0.174       197       640    0.8816    0.8105    0.9048    0.6339   0.02249   0.01366         0
   191/299     8.47G   0.02535   0.02624         0     0.116  0.006539    0.1741       207       640     0.868    0.8223    0.9049    0.6338   0.02248   0.01366         0
   192/299     8.47G   0.02536   0.02615         0    0.1156  0.006521    0.1736       220       640    0.8832    0.8106    0.9049    0.6343   0.02248   0.01365         0
   193/299     8.47G   0.02524   0.02607         0    0.1152  0.006494     0.173       199       640     0.885    0.8092    0.9043    0.6344   0.02247   0.01365         0
   194/299     8.47G   0.02519   0.02604         0    0.1143  0.006484     0.172       163       640    0.8859    0.8086    0.9041     0.634   0.02246   0.01364         0
   195/299     8.47G   0.02521   0.02616         0    0.1148  0.006489    0.1727       187       640    0.8863    0.8089    0.9047    0.6337   0.02245   0.01363         0
   196/299     8.47G   0.02516   0.02595         0    0.1145  0.006483    0.1721       165       640    0.8765    0.8174    0.9054    0.6342   0.02244   0.01363         0
   197/299     8.47G   0.02528   0.02611         0    0.1149  0.006485    0.1728       238       640    0.8826    0.8122    0.9056    0.6343   0.02243   0.01362         0
   198/299     8.47G   0.02521   0.02607         0    0.1142  0.006486    0.1719       241       640    0.8789    0.8166    0.9059    0.6346   0.02241   0.01362         0
   199/299     8.47G   0.02513   0.02608         0    0.1144  0.006476    0.1721       252       640    0.8838    0.8134    0.9061    0.6348   0.02239   0.01362         0
   200/299     8.47G   0.02538   0.02627         0    0.1149  0.006493     0.173       212       640    0.8829    0.8141    0.9057    0.6351   0.02239   0.01362         0
   201/299     8.47G   0.02504   0.02604         0    0.1135  0.006456    0.1711       167       640    0.8821    0.8162    0.9062     0.635   0.02238   0.01362         0
   202/299     8.47G   0.02505   0.02604         0    0.1132  0.006457    0.1708       195       640    0.8812    0.8168    0.9066    0.6353   0.02237   0.01361         0
   203/299     8.47G   0.02503   0.02604         0    0.1135  0.006445     0.171       219       640    0.8727    0.8256    0.9061    0.6351   0.02235   0.01361         0
   204/299     8.47G   0.02531   0.02629         0    0.1154  0.006484    0.1735       169       640    0.8846    0.8149    0.9065    0.6349   0.02234    0.0136         0
   205/299     8.47G   0.02506   0.02616         0    0.1134  0.006446     0.171       184       640    0.8803     0.818    0.9068    0.6355   0.02233    0.0136         0
   206/299     8.47G   0.02518   0.02617         0    0.1137  0.006454    0.1715       235       640    0.8781    0.8207    0.9066    0.6349   0.02233   0.01359         0
   207/299     8.47G   0.02503   0.02607         0    0.1135  0.006438     0.171       195       640     0.885    0.8142    0.9062    0.6354   0.02232   0.01359         0
   208/299     8.47G    0.0249    0.0259         0    0.1122  0.006409    0.1694       224       640    0.8824    0.8174    0.9062    0.6353   0.02231   0.01359         0
   209/299     8.47G   0.02493   0.02608         0    0.1125  0.006424    0.1699       210       640    0.8827    0.8172    0.9062    0.6356    0.0223   0.01358         0
   210/299     8.47G   0.02517   0.02616         0    0.1136  0.006419    0.1713       206       640    0.8784    0.8213    0.9065    0.6356   0.02232   0.01359         0
   211/299     8.47G   0.02496   0.02603         0    0.1125  0.006411    0.1699       214       640    0.8787    0.8225    0.9072    0.6358   0.02232    0.0136         0
   212/299     8.47G   0.02493   0.02601         0    0.1127  0.006406      0.17       178       640    0.8784    0.8213    0.9074    0.6357   0.02232    0.0136         0
   213/299     8.47G   0.02491   0.02606         0    0.1134  0.006414    0.1707       256       640    0.8784    0.8212    0.9075    0.6355   0.02232    0.0136         0
   214/299     8.47G   0.02482   0.02594         0    0.1117  0.006393    0.1689       194       640    0.8738    0.8267    0.9074    0.6355   0.02231    0.0136         0
   215/299     8.47G    0.0248   0.02574         0     0.112  0.006376    0.1689       217       640    0.8757    0.8249    0.9077    0.6359    0.0223    0.0136         0
   216/299     8.47G   0.02488   0.02599         0    0.1128    0.0064    0.1701       240       640    0.8745    0.8249    0.9076    0.6368   0.02228   0.01359         0
   217/299     8.47G   0.02483    0.0259         0    0.1125  0.006386    0.1696       195       640    0.8763     0.823     0.908    0.6363   0.02227   0.01359         0
   218/299     8.47G   0.02476   0.02595         0    0.1117  0.006359    0.1687       214       640    0.8784     0.821    0.9079    0.6365   0.02224   0.01358         0
   219/299     8.47G   0.02468   0.02588         0    0.1113  0.006365    0.1683       223       640    0.8767    0.8218    0.9083    0.6379   0.02223   0.01358         0
   220/299     8.47G   0.02475   0.02576         0     0.111  0.006359    0.1679       198       640    0.8813    0.8178    0.9084     0.638   0.02221   0.01357         0
   221/299     8.47G   0.02479   0.02596         0    0.1112   0.00635    0.1683       224       640    0.8815    0.8166    0.9083    0.6385   0.02219   0.01356         0
   222/299     8.47G   0.02475   0.02576         0    0.1112  0.006357     0.168       212       640    0.8751    0.8241    0.9088    0.6384   0.02218   0.01356         0
   223/299     8.47G   0.02462   0.02571         0    0.1106  0.006347    0.1673       170       640    0.8791     0.824     0.909    0.6387   0.02217   0.01355         0
   224/299     8.47G   0.02468   0.02574         0     0.111  0.006337    0.1678       225       640    0.8759    0.8267    0.9087    0.6389   0.02216   0.01355         0
   225/299     8.47G   0.02468   0.02582         0    0.1108  0.006345    0.1676       200       640    0.8745     0.827    0.9089     0.639   0.02215   0.01354         0
   226/299     8.47G   0.02474   0.02578         0    0.1114  0.006343    0.1682       248       640    0.8737     0.829    0.9088    0.6394   0.02215   0.01353         0
   227/299     8.47G   0.02469    0.0258         0    0.1113  0.006343    0.1681       216       640    0.8704    0.8292    0.9086      0.64   0.02214   0.01353         0
   228/299     8.47G   0.02455    0.0258         0    0.1098  0.006322    0.1664       200       640     0.881    0.8208    0.9084    0.6404   0.02212   0.01352         0
   229/299     8.47G   0.02464   0.02562         0    0.1107  0.006319    0.1673       200       640    0.8806    0.8223     0.909     0.641   0.02211   0.01351         0
   230/299     8.47G   0.02463   0.02576         0    0.1105  0.006317    0.1672       242       640    0.8771    0.8237    0.9088     0.641    0.0221   0.01351         0
   231/299     8.47G   0.02469   0.02572         0    0.1106  0.006334    0.1673       227       640    0.8728    0.8268    0.9084    0.6411   0.02209    0.0135         0
   232/299     8.47G   0.02447   0.02566         0    0.1095    0.0063    0.1659       203       640    0.8788    0.8207    0.9086     0.642   0.02208    0.0135         0
   233/299     8.47G   0.02458    0.0257         0    0.1104  0.006318     0.167       246       640    0.8742    0.8238    0.9088    0.6414   0.02206   0.01349         0
   234/299     8.47G   0.02444   0.02564         0    0.1093  0.006286    0.1656       226       640    0.8814    0.8171    0.9092    0.6411   0.02205   0.01349         0
   235/299     8.47G   0.02441   0.02567         0    0.1091  0.006279    0.1654       210       640    0.8829    0.8161    0.9093    0.6418   0.02205   0.01348         0
   236/299     8.47G   0.02441   0.02563         0    0.1092  0.006269    0.1655       243       640    0.8814    0.8177    0.9094    0.6412   0.02204   0.01348         0
   237/299     8.47G   0.02438   0.02567         0    0.1091  0.006271    0.1655       207       640    0.8818    0.8177    0.9086    0.6412   0.02203   0.01348         0
   238/299     8.47G   0.02446   0.02563         0    0.1093  0.006266    0.1657       181       640    0.8815    0.8171    0.9088    0.6408   0.02203   0.01348         0
   239/299     8.47G   0.02448   0.02563         0    0.1095  0.006269    0.1659       211       640    0.8755    0.8212    0.9086     0.641   0.02203   0.01348         0
   240/299     8.47G   0.02447   0.02571         0    0.1098  0.006262    0.1663       258       640    0.8763    0.8216    0.9089    0.6409   0.02202   0.01348         0
   241/299     8.47G   0.02452   0.02576         0    0.1095  0.006275    0.1661       246       640    0.8779    0.8216    0.9089    0.6408   0.02202   0.01348         0
   242/299     8.47G   0.02441   0.02557         0    0.1092  0.006262    0.1654       159       640    0.8781    0.8219     0.909    0.6407   0.02202   0.01348         0
   243/299     8.47G   0.02479     0.026         0    0.1107  0.006297    0.1678       189       640    0.8814    0.8193    0.9091    0.6406   0.02201   0.01348         0
   244/299     8.47G   0.02442   0.02567         0    0.1091  0.006254    0.1655       157       640    0.8841    0.8172    0.9089    0.6403   0.02201   0.01348         0
   245/299     8.47G   0.02441   0.02567         0    0.1093   0.00626    0.1656       184       640     0.888    0.8122    0.9089    0.6407   0.02201   0.01348         0
   246/299     8.47G    0.0247   0.02594         0    0.1102  0.006273    0.1671       176       640    0.8764     0.823     0.909    0.6407   0.02201   0.01348         0
   247/299     8.47G   0.02446   0.02573         0    0.1097  0.006256    0.1662       239       640    0.8736    0.8259    0.9089    0.6398   0.02202   0.01348         0
   248/299     8.47G   0.02445    0.0257         0    0.1091  0.006255    0.1655       202       640    0.8769    0.8229    0.9091    0.6404   0.02202   0.01348         0
   249/299     8.47G   0.02449   0.02572         0    0.1091  0.006248    0.1655       235       640    0.8731    0.8264    0.9095    0.6408   0.02201   0.01348         0
   250/299     8.47G   0.02434   0.02547         0    0.1085   0.00624    0.1646       221       640    0.8737    0.8257    0.9091    0.6405     0.022   0.01347         0
   251/299     8.47G   0.02442   0.02563         0    0.1088  0.006242     0.165       200       640    0.8686    0.8311     0.909    0.6409   0.02199   0.01346         0
   252/299     8.47G   0.02423   0.02546         0    0.1079  0.006216    0.1638       227       640     0.862    0.8378    0.9095     0.641   0.02198   0.01346         0
   253/299     8.47G   0.02416   0.02559         0    0.1076  0.006202    0.1636       174       640    0.8605    0.8397    0.9094    0.6414   0.02197   0.01345         0
   254/299     8.47G   0.02432    0.0255         0    0.1085  0.006213    0.1646       226       640    0.8923    0.8111    0.9098    0.6417   0.02197   0.01345         0
   255/299     8.47G   0.02429   0.02542         0    0.1082  0.006213    0.1641       171       640    0.8663    0.8339    0.9098    0.6425   0.02196   0.01345         0
   256/299     8.47G   0.02436   0.02567         0     0.109  0.006231    0.1653       202       640    0.8743     0.827      0.91    0.6424   0.02196   0.01345         0
   257/299     8.47G   0.02427   0.02555         0    0.1081  0.006207    0.1641       204       640      0.87     0.831    0.9099    0.6424   0.02196   0.01345         0
   258/299     8.47G   0.02418   0.02548         0    0.1076  0.006198    0.1635       214       640    0.8601    0.8393    0.9101    0.6425   0.02195   0.01345         0
   259/299     8.47G   0.02419   0.02544         0    0.1079  0.006198    0.1637       179       640    0.8624    0.8371    0.9102    0.6423   0.02195   0.01345         0
   260/299     8.47G   0.02429   0.02569         0    0.1082  0.006209    0.1644       216       640     0.861    0.8367    0.9103     0.643   0.02194   0.01344         0
   261/299     8.47G   0.02405   0.02531         0    0.1066  0.006174    0.1622       238       640    0.8756    0.8237    0.9105    0.6432   0.02193   0.01344         0
   262/299     8.47G    0.0241   0.02536         0    0.1069  0.006169    0.1625       241       640    0.8599    0.8389    0.9105    0.6432   0.02193   0.01343         0
   263/299     8.47G   0.02406   0.02549         0    0.1068  0.006167    0.1625       250       640    0.8803    0.8199    0.9108    0.6439   0.02192   0.01343         0
   264/299     8.47G   0.02403    0.0253         0     0.107  0.006172    0.1625       212       640    0.8669    0.8309    0.9108    0.6439   0.02191   0.01342         0
   265/299     8.47G   0.02411   0.02534         0    0.1067  0.006162    0.1623       238       640    0.8793    0.8202    0.9112    0.6441    0.0219   0.01341         0
   266/299     8.47G   0.02417   0.02556         0     0.107  0.006175    0.1629       191       640    0.8691    0.8308    0.9113    0.6439    0.0219   0.01341         0
   267/299     8.47G   0.02418   0.02548         0    0.1074  0.006184    0.1633       223       640    0.8683    0.8323    0.9111    0.6447   0.02189    0.0134         0
   268/299     8.47G   0.02405    0.0255         0    0.1071  0.006173    0.1628       226       640    0.8733     0.827     0.911    0.6448   0.02188    0.0134         0
   269/299     8.47G   0.02408   0.02535         0     0.107  0.006156    0.1626       192       640    0.8768    0.8235    0.9114    0.6453   0.02188    0.0134         0
   270/299     8.47G   0.02405   0.02537         0    0.1061  0.006146    0.1617       240       640      0.88    0.8207     0.912    0.6453   0.02187    0.0134         0
   271/299     8.47G   0.02425   0.02554         0    0.1074  0.006171    0.1634       233       640    0.8797    0.8204    0.9113     0.645   0.02186    0.0134         0
   272/299     8.47G   0.02407    0.0254         0     0.107  0.006161    0.1626       255       640    0.8836    0.8172    0.9111    0.6451   0.02186    0.0134         0
   273/299     8.47G   0.02393   0.02522         0    0.1059  0.006136    0.1612       234       640    0.8811    0.8189    0.9114    0.6447   0.02185   0.01339         0
   274/299     8.47G   0.02395   0.02537         0    0.1058  0.006132    0.1612       222       640    0.8803    0.8194    0.9118    0.6452   0.02185   0.01339         0
   275/299     8.47G   0.02393   0.02514         0    0.1057  0.006127    0.1609       200       640    0.8727     0.826    0.9115    0.6451   0.02184   0.01339         0
   276/299     8.47G   0.02408   0.02536         0    0.1063  0.006153    0.1619       237       640    0.8732    0.8258    0.9116    0.6449   0.02183   0.01339         0
   277/299     8.47G   0.02396   0.02538         0    0.1054   0.00612    0.1609       200       640    0.8743    0.8258    0.9118    0.6457   0.02182   0.01339         0
   278/299     8.47G     0.024   0.02536         0     0.106  0.006117    0.1614       180       640    0.8865    0.8161    0.9118    0.6456   0.02182   0.01339         0
   279/299     8.47G   0.02398   0.02535         0    0.1057  0.006108    0.1611       196       640     0.884    0.8193    0.9115    0.6458   0.02181   0.01338         0
   280/299     8.47G   0.02394   0.02535         0    0.1059  0.006118    0.1613       204       640    0.8766    0.8256    0.9115     0.646    0.0218   0.01338         0
   281/299     8.47G   0.02404   0.02544         0    0.1064  0.006139    0.1621       221       640    0.8717     0.831    0.9114    0.6461    0.0218   0.01338         0
   282/299     8.47G   0.02408   0.02544         0    0.1067   0.00613    0.1624       201       640    0.8796    0.8238    0.9112    0.6464   0.02179   0.01338         0
   283/299     8.47G   0.02381   0.02523         0    0.1052  0.006094    0.1603       200       640    0.8793    0.8244     0.911    0.6468   0.02179   0.01338         0
   284/299     8.47G   0.02402   0.02546         0    0.1059  0.006105    0.1615       235       640    0.8825    0.8218    0.9114    0.6464   0.02178   0.01337         0
   285/299     8.47G   0.02405   0.02542         0    0.1061  0.006116    0.1617       200       640    0.8695    0.8339    0.9115    0.6466   0.02178   0.01337         0
   286/299     8.47G   0.02383   0.02519         0    0.1048  0.006092    0.1599       211       640    0.8699    0.8345    0.9116    0.6458   0.02178   0.01336         0
   287/299     8.47G   0.02394   0.02523         0    0.1058  0.006106     0.161       220       640    0.8687    0.8355    0.9122    0.6459   0.02177   0.01336         0
   288/299     8.47G   0.02398   0.02533         0    0.1061  0.006108    0.1615       208       640    0.8711     0.833    0.9112    0.6458   0.02176   0.01336         0
   289/299     8.47G   0.02388   0.02529         0    0.1052  0.006098    0.1604       188       640    0.8783    0.8249     0.911    0.6459   0.02176   0.01335         0
   290/299     8.47G   0.02393   0.02529         0    0.1057  0.006093    0.1611       220       640    0.8763    0.8274    0.9109    0.6461   0.02175   0.01335         0
   291/299     8.47G   0.02398   0.02547         0     0.106   0.00611    0.1615       191       640    0.8774    0.8259    0.9105    0.6457   0.02175   0.01335         0
   292/299     8.47G   0.02406   0.02538         0    0.1061  0.006115    0.1616       205       640    0.8814    0.8224    0.9098    0.6453   0.02175   0.01334         0
   293/299     8.47G   0.02395   0.02535         0    0.1054  0.006103    0.1608       192       640    0.8792    0.8241    0.9102    0.6458   0.02175   0.01334         0
   294/299     8.47G   0.02395   0.02546         0    0.1055  0.006102     0.161       213       640    0.8774    0.8245    0.9103    0.6459   0.02174   0.01334         0
   295/299     8.47G   0.02379   0.02504         0    0.1048  0.006073    0.1597       148       640     0.875    0.8266    0.9104    0.6459   0.02174   0.01334         0
   296/299     8.47G    0.0238   0.02524         0    0.1048  0.006078    0.1599       222       640    0.8705    0.8295    0.9107     0.646   0.02174   0.01334         0
   297/299     8.47G   0.02377   0.02514         0     0.105  0.006072      0.16       217       640     0.883    0.8177    0.9104    0.6461   0.02174   0.01333         0
   298/299     8.47G   0.02387   0.02524         0     0.105  0.006084    0.1602       190       640    0.8777    0.8219    0.9103    0.6459   0.02173   0.01333         0
   299/299     8.47G   0.02387   0.02522         0    0.1047  0.006074    0.1598       168       640    0.8814    0.8186     0.911    0.6465   0.02172   0.01332         0
