     0/299     2.21G   0.03526   0.03933         0    0.3267    0.0138    0.4151       223       640    0.8378     0.867    0.8994    0.6092   0.02518   0.01407         0
     1/299     6.34G   0.02864   0.02367         0    0.2356     0.012    0.2999       185       640    0.8705    0.8115    0.8906    0.5822   0.02626   0.01473         0
     2/299     6.34G   0.03085   0.02648         0    0.2067    0.0111    0.2751       179       640    0.7954    0.6877    0.7666    0.4462   0.03309   0.01868         0
     3/299     6.34G   0.03169     0.029         0     0.193   0.01037     0.264       260       640      0.87    0.7648     0.864    0.5544   0.02754    0.0158         0
     4/299     6.34G   0.03016   0.02829         0    0.1772   0.00965    0.2453       225       640     0.852    0.7788    0.8683    0.5656   0.02677   0.01558         0
     5/299     6.34G    0.0294   0.02798         0    0.1683  0.009172    0.2349       214       640    0.8413     0.804    0.8815    0.5835   0.02573   0.01522         0
     6/299     6.34G   0.02864    0.0277         0     0.162  0.008858    0.2272       214       640    0.8554    0.8102    0.8922    0.6023   0.02464   0.01468         0
     7/299     6.34G   0.02826   0.02745         0    0.1572  0.008621    0.2215       212       640    0.8525    0.8205    0.8942    0.6081   0.02424   0.01448         0
     8/299     6.34G   0.02804    0.0273         0    0.1542  0.008437    0.2179       191       640    0.8628    0.8136    0.8973     0.613   0.02379   0.01445         0
     9/299     6.34G   0.02767   0.02722         0    0.1511  0.008314    0.2143       213       640    0.8774    0.8067    0.9012    0.6238   0.02338   0.01418         0
    10/299     6.34G   0.02733   0.02695         0    0.1478  0.008164    0.2102       193       640    0.8844    0.8057     0.903    0.6302   0.02308   0.01405         0
    11/299     6.34G   0.02719   0.02695         0     0.146  0.008091    0.2082       209       640    0.8725    0.8143    0.9028    0.6314   0.02288   0.01398         0
    12/299     6.34G   0.02701   0.02673         0    0.1437  0.007992    0.2055       243       640    0.8531    0.8363    0.9043     0.637   0.02258   0.01389         0
    13/299     6.34G   0.02674   0.02657         0    0.1413  0.007919    0.2026       189       640    0.8577    0.8349    0.9062    0.6408   0.02238   0.01377         0
    14/299     6.34G   0.02662   0.02654         0    0.1391   0.00785    0.2001       184       640    0.8568    0.8375    0.9075     0.643   0.02223   0.01373         0
    15/299     6.34G   0.02661   0.02659         0    0.1394  0.007795    0.2004       201       640    0.8645    0.8305    0.9091    0.6441   0.02217   0.01371         0
    16/299     6.34G   0.02643   0.02644         0    0.1373  0.007723    0.1979       241       640    0.8643    0.8301    0.9081    0.6452   0.02207   0.01371         0
    17/299     6.34G   0.02623   0.02643         0    0.1354  0.007672    0.1957       234       640    0.8667    0.8292    0.9091    0.6481   0.02188   0.01362         0
    18/299     6.34G   0.02644   0.02662         0    0.1364  0.007648    0.1971       230       640    0.8714     0.831    0.9102     0.649    0.0218   0.01357         0
    19/299     6.34G   0.02614   0.02642         0    0.1338  0.007591    0.1939       220       640     0.872    0.8294    0.9101    0.6514    0.0217   0.01355         0
    20/299     6.34G   0.02597   0.02613         0    0.1321  0.007547    0.1917       223       640    0.8722    0.8298    0.9107    0.6518   0.02164   0.01352         0
    21/299     6.34G   0.02599   0.02608         0     0.132  0.007519    0.1915       219       640    0.8678    0.8343    0.9112    0.6534   0.02158    0.0135         0
    22/299     6.34G   0.02582   0.02613         0    0.1301  0.007477    0.1895       191       640    0.8667    0.8352    0.9119    0.6545   0.02153   0.01347         0
    23/299     6.34G   0.02574   0.02601         0    0.1293  0.007438    0.1885       251       640    0.8597    0.8409    0.9116    0.6553   0.02148   0.01345         0
    24/299     6.34G    0.0257   0.02599         0    0.1292  0.007408    0.1883       201       640    0.8647    0.8371    0.9127    0.6563   0.02144   0.01344         0
    25/299     6.34G   0.02561   0.02588         0    0.1276  0.007375    0.1865       171       640    0.8503    0.8522    0.9134    0.6576   0.02139   0.01342         0
    26/299     6.34G   0.02556   0.02582         0    0.1273  0.007355     0.186       190       640    0.8598    0.8441    0.9137     0.658   0.02135    0.0134         0
    27/299     6.34G   0.02553   0.02583         0    0.1267   0.00732    0.1854       221       640    0.8529      0.85    0.9145    0.6586   0.02132   0.01338         0
    28/299     6.34G   0.02539   0.02586         0    0.1258  0.007299    0.1844       224       640    0.8807    0.8261    0.9139    0.6592   0.02127   0.01337         0
    29/299     6.34G   0.02542   0.02585         0     0.125  0.007277    0.1835       229       640    0.8778    0.8282    0.9144    0.6594   0.02124   0.01335         0
    30/299     6.34G   0.02539   0.02569         0    0.1246  0.007258     0.183       208       640    0.8768    0.8295    0.9145    0.6599   0.02121   0.01334         0
    31/299     6.34G   0.02535    0.0258         0    0.1245  0.007233    0.1829       195       640    0.8668    0.8387     0.915    0.6612   0.02118   0.01333         0
    32/299     6.34G   0.02523   0.02575         0    0.1241  0.007224    0.1823       210       640    0.8677    0.8378    0.9151    0.6615   0.02115   0.01332         0
    33/299     6.34G   0.02541   0.02604         0    0.1248  0.007226    0.1835       226       640    0.8697    0.8363    0.9153     0.662   0.02111   0.01331         0
    34/299     6.34G   0.02521   0.02576         0    0.1226  0.007177    0.1808       210       640    0.8783    0.8314    0.9162    0.6627   0.02108    0.0133         0
    35/299     6.34G   0.02526   0.02575         0     0.123  0.007159    0.1812       238       640    0.8729     0.836    0.9159    0.6628   0.02106    0.0133         0
    36/299     6.34G   0.02519   0.02568         0    0.1223  0.007137    0.1803       239       640    0.8789    0.8311     0.916    0.6627   0.02103   0.01329         0
    37/299     6.34G    0.0251   0.02566         0    0.1209   0.00712    0.1788       246       640    0.8699    0.8388    0.9158    0.6625     0.021   0.01328         0
    38/299     6.34G   0.02533   0.02577         0    0.1229  0.007132    0.1812       182       640    0.8778    0.8298     0.915    0.6634   0.02097   0.01327         0
    39/299     6.34G   0.02506    0.0256         0    0.1213  0.007095     0.179       213       640    0.8729    0.8342    0.9151    0.6635   0.02094   0.01326         0
    40/299     6.34G   0.02512   0.02576         0    0.1208  0.007082    0.1787       200       640    0.8711    0.8377    0.9152    0.6648   0.02092   0.01326         0
    41/299     6.34G    0.0249   0.02537         0    0.1194  0.007062    0.1768       219       640    0.8804    0.8301    0.9157    0.6648   0.02089   0.01324         0
    42/299     6.34G   0.02499   0.02556         0    0.1203  0.007056    0.1779       197       640    0.8781    0.8336    0.9158    0.6656   0.02087   0.01323         0
    43/299     6.34G   0.02503   0.02567         0    0.1197  0.007053    0.1775       214       640    0.8832     0.829    0.9162    0.6665   0.02085   0.01321         0
    44/299     6.34G   0.02499   0.02561         0    0.1199  0.007041    0.1775       230       640    0.8691    0.8422    0.9165    0.6671   0.02083    0.0132         0
    45/299     6.34G   0.02497    0.0256         0    0.1192  0.007017    0.1768       221       640    0.8695    0.8432    0.9164    0.6673   0.02081    0.0132         0
    46/299     6.34G   0.02472    0.0254         0    0.1175  0.006992    0.1746       198       640    0.8731    0.8397    0.9162     0.667   0.02079   0.01319         0
    47/299     6.34G   0.02478   0.02559         0    0.1178  0.006975    0.1751       182       640    0.8769    0.8379    0.9166    0.6676   0.02076   0.01318         0
    48/299     6.34G   0.02477   0.02544         0    0.1176  0.006993    0.1748       207       640     0.876    0.8396    0.9168    0.6683   0.02074   0.01317         0
    49/299     6.34G   0.02477   0.02541         0    0.1174  0.006967    0.1746       185       640    0.8772    0.8378    0.9172    0.6691   0.02071   0.01317         0
    50/299     6.34G   0.02483   0.02556         0    0.1179  0.006961    0.1752       196       640    0.8759    0.8388    0.9176    0.6697   0.02069   0.01315         0
    51/299     6.34G   0.02478   0.02546         0    0.1173  0.006956    0.1745       235       640    0.8797    0.8358    0.9175    0.6702   0.02068   0.01315         0
    52/299     6.34G   0.02463   0.02529         0    0.1155  0.006912    0.1723       215       640    0.8786    0.8375    0.9183    0.6707   0.02065   0.01313         0
    53/299     6.34G   0.02466    0.0254         0    0.1158  0.006922    0.1728       229       640    0.8713    0.8445    0.9179    0.6707   0.02063   0.01312         0
    54/299     6.34G   0.02459    0.0253         0    0.1158  0.006917    0.1726       216       640    0.8736    0.8429     0.918    0.6714    0.0206   0.01311         0
    55/299     6.34G   0.02477    0.0255         0    0.1168  0.006911    0.1739       223       640    0.8815    0.8362    0.9178    0.6711   0.02057    0.0131         0
    56/299     6.34G   0.02456   0.02546         0    0.1153  0.006886    0.1722       191       640    0.8804    0.8366    0.9183    0.6717   0.02055   0.01309         0
    57/299     6.34G   0.02471   0.02538         0    0.1161  0.006893    0.1731       237       640    0.8723     0.844    0.9184    0.6725   0.02053   0.01308         0
    58/299     6.34G   0.02458   0.02538         0    0.1158  0.006889    0.1726       208       640    0.8756     0.841    0.9189    0.6725   0.02051   0.01307         0
    59/299     6.34G   0.02464   0.02525         0    0.1151  0.006865    0.1718       238       640    0.8741    0.8419    0.9188    0.6728   0.02048   0.01306         0
    60/299     6.34G   0.02463    0.0255         0    0.1157   0.00687    0.1727       205       640    0.8736    0.8448    0.9192    0.6728   0.02046   0.01305         0
    61/299     6.34G   0.02469   0.02542         0    0.1158  0.006864    0.1728       214       640    0.8628    0.8562    0.9195    0.6729   0.02046   0.01305         0
    62/299     6.34G    0.0245   0.02523         0    0.1144  0.006835     0.171       234       640    0.8649    0.8547    0.9199    0.6733   0.02045   0.01304         0
    63/299     6.34G   0.02466   0.02537         0    0.1155  0.006848    0.1724       251       640    0.8661    0.8533    0.9198    0.6741   0.02043   0.01303         0
    64/299     6.34G   0.02469    0.0255         0    0.1157  0.006855    0.1728       246       640    0.8668    0.8511    0.9205    0.6743   0.02042   0.01303         0
    65/299     6.34G   0.02452   0.02532         0    0.1146  0.006841    0.1713       218       640    0.8654    0.8529    0.9205    0.6745    0.0204   0.01303         0
    66/299     6.34G   0.02444   0.02528         0    0.1134  0.006822    0.1699       237       640    0.8655    0.8526    0.9205    0.6753   0.02038   0.01302         0
    67/299     6.34G    0.0246   0.02548         0    0.1142  0.006816    0.1711       213       640    0.8598    0.8575    0.9209    0.6756   0.02037   0.01301         0
    68/299     6.34G   0.02451   0.02532         0    0.1137  0.006804    0.1704       227       640    0.8614    0.8562    0.9212    0.6755   0.02036     0.013         0
    69/299     6.34G    0.0244   0.02524         0    0.1132  0.006801    0.1697       211       640    0.8685    0.8479    0.9208     0.675   0.02034     0.013         0
    70/299     6.34G   0.02438   0.02524         0    0.1134  0.006795    0.1698       269       640    0.8793    0.8388    0.9208     0.676   0.02032   0.01299         0
    71/299     6.34G    0.0245   0.02548         0     0.114   0.00681    0.1708       211       640    0.8656    0.8524    0.9209    0.6759    0.0203   0.01298         0
    72/299     6.34G   0.02458   0.02549         0    0.1144  0.006799    0.1713       246       640    0.8713    0.8472    0.9208    0.6759   0.02028   0.01298         0
    73/299     6.34G   0.02437   0.02524         0    0.1128  0.006763    0.1692       204       640    0.8673    0.8512    0.9206    0.6758   0.02027   0.01297         0
    74/299     6.34G   0.02435   0.02514         0    0.1125  0.006752    0.1687       202       640    0.8754    0.8435    0.9211    0.6749   0.02026   0.01297         0
    75/299     6.34G   0.02425    0.0251         0    0.1118  0.006754    0.1679       202       640    0.8626    0.8548    0.9204    0.6751   0.02025   0.01297         0
    76/299     6.34G   0.02429   0.02522         0    0.1114  0.006744    0.1677       181       640    0.8691    0.8486    0.9206    0.6758   0.02024   0.01296         0
    77/299     6.34G   0.02419   0.02514         0    0.1109  0.006733     0.167       221       640    0.8624    0.8542     0.921    0.6762   0.02023   0.01296         0
    78/299     6.34G   0.02433   0.02512         0    0.1124  0.006748    0.1686       223       640    0.8717    0.8452    0.9211     0.676   0.02021   0.01295         0
    79/299     6.34G   0.02407   0.02501         0    0.1101  0.006711    0.1659       225       640    0.8692    0.8475    0.9212    0.6761   0.02019   0.01294         0
    80/299     6.34G   0.02413   0.02503         0    0.1111   0.00671     0.167       207       640    0.8688    0.8501    0.9219    0.6763   0.02017   0.01293         0
    81/299     6.34G   0.02417   0.02506         0    0.1109   0.00672    0.1669       245       640    0.8742    0.8437    0.9219    0.6771   0.02015   0.01292         0
    82/299     6.34G   0.02408   0.02492         0    0.1102  0.006695    0.1659       220       640     0.865    0.8531    0.9216    0.6773   0.02013   0.01292         0
    83/299     6.34G   0.02408   0.02498         0    0.1104  0.006699    0.1661       198       640    0.8669     0.852     0.922    0.6778   0.02011   0.01291         0
    84/299     6.34G   0.02415   0.02519         0     0.111  0.006706     0.167       213       640    0.8737    0.8451    0.9218    0.6783    0.0201    0.0129         0
    85/299     6.34G   0.02414   0.02521         0    0.1108  0.006699    0.1669       197       640    0.8631    0.8554    0.9217    0.6791   0.02008   0.01289         0
    86/299     6.34G   0.02437   0.02541         0    0.1127  0.006718    0.1692       240       640    0.8692    0.8515    0.9219    0.6795   0.02007   0.01288         0
    87/299     6.34G   0.02422   0.02527         0    0.1112  0.006688    0.1674       211       640    0.8658    0.8553    0.9219    0.6797   0.02006   0.01288         0
    88/299     6.34G   0.02413   0.02515         0    0.1108  0.006676    0.1668       212       640    0.8674    0.8537    0.9219    0.6798   0.02006   0.01287         0
    89/299     6.34G   0.02402   0.02504         0    0.1092  0.006668    0.1649       217       640    0.8704    0.8518    0.9216    0.6801   0.02005   0.01287         0
    90/299     6.34G   0.02398   0.02503         0    0.1099  0.006672    0.1656       220       640    0.8681    0.8533     0.922    0.6805   0.02004   0.01286         0
    91/299     6.34G   0.02397   0.02487         0    0.1085  0.006646     0.164       192       640     0.871    0.8513    0.9219    0.6798   0.02003   0.01285         0
    92/299     6.34G   0.02404   0.02506         0    0.1099   0.00667    0.1657       191       640    0.8692    0.8528    0.9219    0.6799   0.02001   0.01285         0
    93/299     6.34G    0.0242   0.02528         0    0.1113  0.006671    0.1674       165       640    0.8704    0.8503    0.9224    0.6796   0.02001   0.01285         0
    94/299     6.34G   0.02408   0.02509         0    0.1097  0.006638    0.1655       171       640    0.8736    0.8478    0.9224    0.6793      0.02   0.01285         0
    95/299     6.34G   0.02392   0.02491         0    0.1085  0.006627     0.164       171       640    0.8768    0.8451     0.922    0.6798   0.01999   0.01285         0
    96/299     6.34G   0.02395   0.02497         0    0.1085  0.006619    0.1641       164       640    0.8731    0.8483    0.9223    0.6797   0.01997   0.01284         0
    97/299     6.34G   0.02395    0.0249         0    0.1084  0.006617    0.1639       187       640    0.8661    0.8526    0.9219    0.6798   0.01996   0.01284         0
    98/299     6.34G   0.02398   0.02497         0    0.1089  0.006624    0.1644       232       640    0.8675    0.8506    0.9216    0.6803   0.01995   0.01284         0
    99/299     6.34G   0.02382     0.025         0    0.1081   0.00661    0.1635       238       640    0.8704     0.849    0.9219    0.6809   0.01995   0.01283         0
   100/299     6.34G   0.02392     0.025         0    0.1084  0.006607     0.164       210       640    0.8778    0.8421     0.922    0.6813   0.01993   0.01283         0
   101/299     6.34G   0.02405   0.02517         0      0.11  0.006617    0.1658       226       640    0.8771    0.8427    0.9219    0.6814   0.01993   0.01283         0
   102/299     6.34G   0.02396   0.02504         0    0.1095  0.006606    0.1651       195       640    0.8761    0.8437    0.9222    0.6819   0.01993   0.01283         0
   103/299     6.34G   0.02392   0.02506         0    0.1088  0.006591    0.1644       225       640    0.8781    0.8412    0.9221     0.682   0.01993   0.01283         0
   104/299     6.34G   0.02382   0.02488         0    0.1079   0.00659    0.1632       174       640    0.8759    0.8433     0.922    0.6821   0.01993   0.01283         0
   105/299     6.34G   0.02383   0.02485         0    0.1077  0.006589     0.163       209       640    0.8702    0.8481    0.9215     0.682   0.01992   0.01283         0
   106/299     6.34G    0.0237   0.02464         0    0.1067  0.006552    0.1616       192       640    0.8742    0.8454    0.9216     0.682   0.01992   0.01283         0
   107/299     6.34G   0.02367   0.02479         0    0.1064  0.006557    0.1615       234       640    0.8725    0.8487    0.9224     0.682   0.01991   0.01283         0
   108/299     6.34G   0.02363   0.02464         0    0.1061  0.006538    0.1609       244       640    0.8624    0.8585    0.9224    0.6823    0.0199   0.01283         0
   109/299     6.34G   0.02375   0.02492         0    0.1072  0.006551    0.1624       211       640    0.8594    0.8619    0.9225     0.682    0.0199   0.01282         0
   110/299     6.34G   0.02375   0.02492         0    0.1072   0.00655    0.1624       220       640    0.8695    0.8535    0.9231    0.6816   0.01989   0.01282         0
   111/299     6.34G   0.02362   0.02478         0    0.1059  0.006533    0.1608       236       640    0.8687    0.8539    0.9234    0.6828   0.01988   0.01282         0
   112/299     6.34G   0.02359   0.02471         0    0.1063  0.006521    0.1611       218       640    0.8778     0.844     0.923    0.6833   0.01987   0.01281         0
   113/299     6.34G   0.02357   0.02476         0     0.106  0.006514    0.1608       191       640    0.8784    0.8427    0.9229    0.6834   0.01986   0.01281         0
   114/299     6.34G   0.02354   0.02474         0    0.1057  0.006515    0.1605       235       640     0.869    0.8514     0.923    0.6837   0.01985    0.0128         0
   115/299     6.34G   0.02347   0.02463         0    0.1051  0.006514    0.1597       199       640    0.8723    0.8481    0.9228    0.6832   0.01984    0.0128         0
   116/299     6.34G    0.0236   0.02482         0    0.1058  0.006513    0.1608       228       640    0.8708    0.8488    0.9228    0.6828   0.01984    0.0128         0
   117/299     6.34G   0.02451    0.0257         0    0.1124  0.006608    0.1692       208       640    0.8718    0.8476    0.9235    0.6834   0.01983   0.01281         0
   118/299     6.34G    0.0241    0.0254         0    0.1104  0.006568    0.1664       190       640     0.861    0.8561    0.9229    0.6816    0.0199   0.01285         0
   119/299     6.34G   0.02369   0.02494         0     0.107  0.006505    0.1622       164       640    0.8621    0.8544     0.923    0.6808   0.01995   0.01288         0
   120/299     6.34G   0.02387   0.02511         0    0.1079  0.006515    0.1634       190       640    0.8598    0.8561    0.9229    0.6794   0.01999   0.01291         0
   121/299     6.34G   0.02362   0.02492         0    0.1062  0.006499    0.1613       195       640    0.8624    0.8541     0.923     0.679   0.01999   0.01292         0
   122/299     6.34G   0.02362   0.02491         0    0.1064  0.006492    0.1614       200       640     0.859    0.8574    0.9232    0.6794   0.01998   0.01292         0
   123/299     6.34G   0.02337   0.02472         0    0.1043  0.006461    0.1588       241       640    0.8608    0.8566    0.9234    0.6797   0.01996   0.01291         0
   124/299     6.34G   0.02333   0.02457         0    0.1043  0.006458    0.1586       225       640     0.856    0.8613    0.9233    0.6813   0.01993   0.01289         0
   125/299     6.34G    0.0235   0.02494         0    0.1058  0.006482    0.1607       225       640    0.8586    0.8604    0.9239    0.6813    0.0199   0.01287         0
   126/299     6.34G   0.02352   0.02466         0    0.1052  0.006466    0.1598       239       640    0.8782    0.8402     0.924    0.6827   0.01988   0.01286         0
   127/299     6.34G   0.02351   0.02476         0     0.105  0.006454    0.1597       230       640    0.8628    0.8539     0.924    0.6833   0.01985   0.01284         0
   128/299     6.34G   0.02327   0.02449         0    0.1036  0.006432    0.1578       185       640    0.8684      0.85    0.9242    0.6833   0.01983   0.01283         0
   129/299     6.34G   0.02326   0.02446         0    0.1031  0.006417    0.1573       198       640    0.8768    0.8415     0.924    0.6831   0.01981   0.01282         0
   130/299     6.34G   0.02322   0.02443         0    0.1038  0.006433    0.1579       202       640    0.8676    0.8501     0.924    0.6831   0.01979   0.01281         0
   131/299     6.34G   0.02335   0.02469         0    0.1043  0.006434    0.1588       205       640    0.8791    0.8405    0.9239    0.6837   0.01977    0.0128         0
   132/299     6.34G   0.02325   0.02458         0     0.103  0.006411    0.1572       195       640    0.8818    0.8387     0.924    0.6842   0.01976   0.01279         0
   133/299     6.34G   0.02326   0.02461         0    0.1033  0.006415    0.1576       213       640    0.8771    0.8429    0.9241     0.684   0.01974   0.01278         0
   134/299     6.34G   0.02328   0.02473         0    0.1046  0.006414     0.159       207       640    0.8634     0.856    0.9241    0.6845   0.01972   0.01277         0
   135/299     6.34G   0.02324   0.02459         0    0.1036  0.006418    0.1579       215       640    0.8831    0.8372    0.9239    0.6849   0.01971   0.01277         0
   136/299     6.34G   0.02315   0.02456         0    0.1028  0.006385    0.1569       218       640    0.8901    0.8325    0.9241    0.6849    0.0197   0.01277         0
   137/299     6.34G   0.02335   0.02472         0    0.1038  0.006399    0.1582       256       640    0.8849    0.8362    0.9237     0.685   0.01969   0.01276         0
   138/299     6.34G   0.02315   0.02452         0    0.1035  0.006376    0.1576       199       640    0.8903    0.8309    0.9238    0.6853   0.01967   0.01275         0
   139/299     6.34G   0.02342   0.02484         0    0.1056  0.006409    0.1602       237       640    0.8934    0.8273    0.9232    0.6855   0.01965   0.01275         0
   140/299     6.34G   0.02338    0.0248         0    0.1052  0.006398    0.1598       243       640    0.8586    0.8586    0.9231    0.6854   0.01965   0.01275         0
   141/299     6.34G   0.02331   0.02464         0     0.104  0.006375    0.1583       216       640    0.8641    0.8537    0.9238    0.6859   0.01963   0.01275         0
   142/299     6.34G   0.02304    0.0244         0    0.1017   0.00634    0.1555       188       640    0.8659    0.8516     0.923    0.6855   0.01962   0.01275         0
   143/299     6.34G   0.02294   0.02437         0    0.1015  0.006341    0.1552       209       640    0.8749    0.8424    0.9233    0.6853   0.01961   0.01274         0
   144/299     6.34G   0.02303   0.02434         0    0.1021  0.006337    0.1558       269       640    0.8603    0.8583    0.9239    0.6853   0.01961   0.01274         0
   145/299     6.34G    0.0232   0.02469         0    0.1038  0.006357     0.158       233       640    0.8751    0.8434    0.9233    0.6855    0.0196   0.01273         0
   146/299     6.34G   0.02302   0.02434         0    0.1026  0.006344    0.1563       220       640    0.8775    0.8416    0.9233    0.6848   0.01959   0.01273         0
   147/299     6.34G   0.02321   0.02461         0    0.1038  0.006355    0.1579       243       640    0.8794    0.8391    0.9231    0.6847   0.01959   0.01272         0
   148/299     6.34G   0.02306   0.02441         0    0.1021  0.006322    0.1559       224       640    0.8839    0.8377    0.9238    0.6848   0.01957   0.01271         0
   149/299     6.34G   0.02291   0.02429         0    0.1016  0.006316    0.1551       243       640    0.8832    0.8378    0.9243    0.6861   0.01956    0.0127         0
   150/299     6.34G   0.02314   0.02459         0    0.1022  0.006329    0.1563       243       640    0.8818    0.8396     0.924    0.6862   0.01955    0.0127         0
   151/299     6.34G    0.0229   0.02435         0    0.1013  0.006294    0.1548       225       640    0.8668    0.8536     0.924    0.6858   0.01955   0.01269         0
   152/299     6.34G    0.0229   0.02429         0    0.1008  0.006279    0.1543       188       640    0.8694    0.8515    0.9241     0.686   0.01955   0.01268         0
   153/299     6.34G   0.02285   0.02428         0    0.1007  0.006281    0.1542       212       640    0.8681    0.8538    0.9244    0.6868   0.01953   0.01268         0
   154/299     6.34G   0.02299   0.02467         0    0.1024  0.006324    0.1563       236       640    0.8845    0.8393    0.9247    0.6873   0.01951   0.01268         0
   155/299     6.34G   0.02302   0.02455         0    0.1028  0.006321    0.1567       231       640    0.8808    0.8421    0.9243    0.6872    0.0195   0.01267         0
   156/299     6.34G   0.02289   0.02429         0    0.1012   0.00628    0.1546       219       640    0.8588    0.8618    0.9239    0.6869   0.01952   0.01267         0
   157/299     6.34G   0.02283   0.02439         0    0.1007  0.006261    0.1542       260       640    0.8613    0.8591    0.9233    0.6867   0.01952   0.01267         0
   158/299     6.34G   0.02269   0.02422         0   0.09987  0.006248     0.153       204       640    0.8826    0.8389    0.9237    0.6873   0.01952   0.01267         0
   159/299     6.34G   0.02268   0.02412         0   0.09937  0.006237    0.1524       204       640    0.8595    0.8608    0.9236    0.6876   0.01951   0.01266         0
   160/299     6.34G   0.02262   0.02414         0    0.0995  0.006243    0.1525       176       640    0.8634    0.8578    0.9239    0.6875    0.0195   0.01266         0
   161/299     6.34G   0.02247   0.02395         0   0.09868  0.006224    0.1513       205       640    0.8817    0.8393    0.9235    0.6876   0.01949   0.01266         0
   162/299     6.34G    0.0226   0.02419         0   0.09909  0.006233    0.1521       203       640     0.885    0.8369    0.9243    0.6882   0.01946   0.01265         0
   163/299     6.34G   0.02267   0.02427         0    0.1007  0.006246    0.1539       184       640    0.8677    0.8544    0.9241    0.6882   0.01945   0.01265         0
   164/299     6.34G   0.02257   0.02421         0   0.09904  0.006213     0.152       198       640    0.8673     0.855    0.9237    0.6876   0.01944   0.01265         0
   165/299     6.34G   0.02242   0.02395         0   0.09834  0.006193    0.1509       222       640    0.8672    0.8548    0.9242    0.6881   0.01942   0.01264         0
   166/299     6.34G   0.02255   0.02398         0   0.09865  0.006206    0.1514       204       640    0.8703    0.8526    0.9248    0.6878   0.01942   0.01263         0
   167/299     6.34G   0.02255   0.02413         0   0.09897  0.006208    0.1519       207       640    0.8755    0.8483    0.9247    0.6893   0.01941   0.01263         0
   168/299     6.34G   0.02249   0.02414         0    0.0988  0.006199    0.1516       172       640    0.8743    0.8497    0.9245    0.6899    0.0194   0.01263         0
   169/299     6.34G   0.02242     0.024         0   0.09771  0.006171    0.1503       197       640     0.875    0.8506    0.9249    0.6897   0.01938   0.01262         0
   170/299     6.34G   0.02238   0.02399         0   0.09765  0.006166    0.1502       216       640     0.875    0.8505    0.9252    0.6895   0.01937   0.01261         0
   171/299     6.34G   0.02241   0.02408         0   0.09768  0.006166    0.1503       217       640    0.8758     0.849    0.9253    0.6894   0.01935   0.01261         0
   172/299     6.34G   0.02238   0.02396         0   0.09806  0.006165    0.1506       234       640    0.8787    0.8462    0.9259    0.6895   0.01934    0.0126         0
   173/299     6.34G   0.02241   0.02415         0   0.09812  0.006166    0.1508       225       640    0.8856    0.8382    0.9259    0.6902   0.01932   0.01259         0
   174/299     6.34G   0.02238     0.024         0   0.09826  0.006159    0.1508       204       640    0.8627    0.8618    0.9264    0.6907    0.0193   0.01259         0
   175/299     6.34G   0.02235   0.02399         0   0.09753  0.006148      0.15       183       640    0.8646    0.8608    0.9268    0.6902   0.01929   0.01259         0
   176/299     6.34G   0.02243   0.02403         0   0.09843   0.00615     0.151       203       640     0.889     0.838    0.9266    0.6902   0.01928   0.01258         0
   177/299     6.34G   0.02244   0.02402         0    0.0985  0.006138    0.1511       219       640    0.8865    0.8408    0.9269    0.6903   0.01928   0.01258         0
   178/299     6.34G   0.02223   0.02377         0   0.09641  0.006108    0.1485       216       640    0.8892    0.8386    0.9265    0.6901   0.01928   0.01258         0
   179/299     6.34G   0.02221   0.02395         0   0.09668  0.006109    0.1489       209       640    0.8822    0.8453    0.9269    0.6904   0.01927   0.01257         0
   180/299     6.34G   0.02221   0.02385         0    0.0965  0.006098    0.1487       235       640    0.8897    0.8389    0.9266    0.6911   0.01926   0.01257         0
   181/299     6.34G   0.02222   0.02387         0   0.09717  0.006109    0.1494       205       640    0.8911    0.8372    0.9265     0.691   0.01925   0.01256         0
   182/299     6.34G   0.02209   0.02381         0   0.09631  0.006091    0.1483       159       640    0.8752    0.8537    0.9272    0.6912   0.01924   0.01256         0
   183/299     6.34G   0.02222    0.0239         0   0.09677  0.006102     0.149       235       640    0.8799    0.8487    0.9271    0.6917   0.01922   0.01255         0
   184/299     6.34G   0.02213   0.02394         0   0.09625   0.00608    0.1484       210       640    0.8854    0.8439    0.9277     0.692   0.01921   0.01255         0
   185/299     6.34G   0.02208   0.02378         0   0.09586  0.006075    0.1478       202       640     0.862    0.8662    0.9275    0.6922   0.01919   0.01254         0
   186/299     6.34G   0.02196   0.02367         0   0.09505  0.006058    0.1467       202       640    0.8891    0.8408    0.9279    0.6922   0.01918   0.01254         0
   187/299     6.34G   0.02216   0.02388         0   0.09659  0.006081    0.1487       198       640    0.8535    0.8752    0.9275     0.693   0.01917   0.01254         0
   188/299     6.34G   0.02206   0.02381         0   0.09586  0.006041    0.1478       274       640    0.8876    0.8418    0.9274    0.6928   0.01916   0.01253         0
   189/299     6.34G   0.02203   0.02363         0   0.09547  0.006048    0.1472       215       640    0.8849     0.845    0.9274     0.693   0.01915   0.01253         0
   190/299     6.34G   0.02179   0.02352         0   0.09393  0.006013    0.1453       246       640    0.8842    0.8459    0.9275    0.6932   0.01913   0.01253         0
   191/299     6.34G   0.02197   0.02369         0    0.0952  0.006028    0.1469       244       640    0.8555     0.873    0.9274    0.6936   0.01912   0.01252         0
   192/299     6.34G   0.02189   0.02356         0   0.09475  0.006029    0.1462       218       640    0.8655    0.8638    0.9276    0.6937   0.01911   0.01252         0
   193/299     6.34G   0.02203   0.02377         0   0.09498  0.006018    0.1468       218       640    0.8628    0.8657    0.9273    0.6941   0.01909   0.01251         0
   194/299     6.34G   0.02196   0.02373         0   0.09532  0.006028     0.147       229       640    0.8693    0.8586    0.9271    0.6948   0.01908   0.01251         0
   195/299     6.34G   0.02209    0.0239         0   0.09644  0.006037    0.1485       210       640    0.8801    0.8483     0.927    0.6948   0.01908   0.01251         0
   196/299     6.34G   0.02192   0.02382         0   0.09524   0.00601     0.147       239       640    0.8866    0.8421    0.9273     0.695   0.01907    0.0125         0
   197/299     6.34G   0.02194    0.0238         0   0.09504  0.006001    0.1468       225       640    0.8829    0.8459    0.9274    0.6949   0.01906    0.0125         0
   198/299     6.34G   0.02176   0.02349         0   0.09372  0.005978     0.145       187       640    0.8881    0.8419    0.9269    0.6949   0.01905   0.01249         0
   199/299     6.34G   0.02183   0.02369         0   0.09453  0.005989     0.146       238       640    0.8751    0.8531    0.9275    0.6953   0.01904   0.01249         0
   200/299     6.34G   0.02189   0.02385         0   0.09554  0.005995    0.1473       200       640    0.8757    0.8525    0.9272    0.6953   0.01904   0.01249         0
   201/299     6.34G   0.02181   0.02376         0    0.0945  0.005979     0.146       195       640    0.8879    0.8407    0.9273    0.6955   0.01903   0.01249         0
   202/299     6.34G    0.0222   0.02413         0   0.09596   0.00601    0.1483       205       640    0.8828    0.8439    0.9271     0.696     0.019   0.01248         0
   203/299     6.34G   0.02203   0.02399         0   0.09577  0.005998    0.1478       194       640    0.8904     0.838    0.9273     0.696   0.01901   0.01249         0
   204/299     6.34G   0.02181   0.02371         0   0.09444   0.00598    0.1459       232       640    0.8615    0.8655    0.9274    0.6959   0.01902   0.01249         0
   205/299     6.34G   0.02183   0.02373         0   0.09478  0.005962    0.1463       210       640    0.8693    0.8578    0.9277    0.6957   0.01902   0.01249         0
   206/299     6.34G   0.02203   0.02388         0   0.09617  0.005987    0.1481       204       640    0.8651     0.863    0.9277    0.6959   0.01902   0.01249         0
   207/299     6.34G   0.02195   0.02388         0   0.09497  0.005971    0.1468       243       640    0.8627    0.8665    0.9277     0.696   0.01902    0.0125         0
   208/299     6.34G   0.02178   0.02373         0   0.09365  0.005932    0.1451       196       640    0.8608    0.8685     0.928    0.6964   0.01902    0.0125         0
   209/299     6.34G    0.0217   0.02365         0    0.0934  0.005934    0.1447       221       640    0.8628    0.8652    0.9275    0.6959   0.01902   0.01251         0
   210/299     6.34G   0.02159   0.02345         0   0.09283  0.005912    0.1438       221       640    0.8862    0.8426    0.9276    0.6959   0.01901    0.0125         0
   211/299     6.34G   0.02161   0.02354         0   0.09332   0.00591    0.1444       228       640    0.8796    0.8497     0.928    0.6949   0.01901    0.0125         0
   212/299     6.34G   0.02146   0.02332         0   0.09199  0.005893    0.1427       198       640    0.8808    0.8483    0.9283    0.6953     0.019    0.0125         0
   213/299     6.34G   0.02173   0.02372         0   0.09278  0.005896    0.1441       225       640    0.8559     0.874    0.9286    0.6956   0.01899   0.01249         0
   214/299     6.34G   0.02149   0.02341         0   0.09218  0.005888     0.143       213       640    0.8823    0.8476    0.9285    0.6959   0.01898   0.01249         0
   215/299     6.34G    0.0214   0.02339         0    0.0916  0.005876    0.1423       143       640    0.8664    0.8624    0.9285    0.6965   0.01897   0.01248         0
   216/299     6.34G    0.0213   0.02321         0   0.09093  0.005858    0.1413       248       640    0.8669    0.8614    0.9284    0.6969   0.01895   0.01247         0
   217/299     6.34G   0.02143   0.02339         0   0.09078  0.005849    0.1414       214       640     0.872    0.8569    0.9286    0.6967   0.01895   0.01246         0
   218/299     6.34G   0.02131   0.02321         0   0.09066  0.005849     0.141       214       640    0.8743    0.8554    0.9289    0.6968   0.01894   0.01245         0
   219/299     6.34G   0.02129   0.02328         0   0.09152   0.00585    0.1419       177       640    0.8645    0.8656    0.9292    0.6969   0.01893   0.01245         0
   220/299     6.34G   0.02133   0.02332         0   0.09135  0.005847    0.1418       227       640    0.8665    0.8642     0.929    0.6966   0.01892   0.01244         0
   221/299     6.34G   0.02127   0.02321         0    0.0912  0.005855    0.1415       204       640    0.8661    0.8649    0.9287    0.6971   0.01892   0.01244         0
   222/299     6.34G   0.02124   0.02309         0   0.09051  0.005839    0.1407       219       640    0.8773    0.8542    0.9293    0.6971   0.01891   0.01243         0
   223/299     6.34G   0.02118   0.02327         0   0.09034   0.00582    0.1406       263       640    0.8675    0.8636    0.9297    0.6972    0.0189   0.01243         0
   224/299     6.34G   0.02114   0.02304         0   0.09043  0.005815    0.1404       206       640    0.8658    0.8642    0.9293    0.6978   0.01889   0.01242         0
   225/299     6.34G   0.02122   0.02311         0   0.09021  0.005814    0.1404       195       640    0.8625    0.8684    0.9294    0.6982   0.01889   0.01241         0
   226/299     6.34G   0.02114   0.02312         0   0.09065  0.005818    0.1407       213       640    0.8657    0.8637    0.9293    0.6982   0.01888   0.01241         0
   227/299     6.34G   0.02118   0.02317         0   0.09088  0.005804     0.141       211       640     0.872    0.8577    0.9292    0.6984   0.01887    0.0124         0
   228/299     6.34G    0.0211   0.02304         0   0.09011  0.005805    0.1401       210       640    0.8687    0.8627    0.9294    0.6988   0.01886    0.0124         0
   229/299     6.34G   0.02109    0.0231         0   0.08996  0.005785    0.1399       207       640     0.874    0.8554    0.9291     0.699   0.01885   0.01239         0
   230/299     6.34G   0.02111   0.02308         0   0.08997  0.005781    0.1399       198       640     0.878    0.8535    0.9299    0.6987   0.01884   0.01239         0
   231/299     6.34G   0.02104   0.02319         0   0.08929  0.005776    0.1393       225       640    0.8769    0.8544    0.9299    0.6992   0.01882   0.01238         0
   232/299     6.34G   0.02101   0.02312         0   0.08972  0.005771    0.1396       263       640     0.881    0.8509      0.93    0.6989   0.01881   0.01237         0
   233/299     6.34G   0.02141   0.02337         0   0.09061  0.005798    0.1412       199       640    0.8801    0.8517      0.93    0.6995    0.0188   0.01236         0
   234/299     6.34G   0.02101   0.02299         0    0.0892  0.005753     0.139       227       640      0.88    0.8534      0.93     0.699   0.01879   0.01236         0
   235/299     6.34G   0.02091   0.02307         0   0.08916  0.005737    0.1389       230       640    0.8819     0.852    0.9301    0.6985   0.01879   0.01236         0
   236/299     6.34G   0.02113   0.02322         0   0.08945  0.005775    0.1396       208       640    0.8947    0.8396    0.9298    0.6992   0.01878   0.01235         0
   237/299     6.34G   0.02097   0.02303         0    0.0892  0.005752    0.1389       183       640    0.8968    0.8396      0.93     0.699   0.01877   0.01235         0
   238/299     6.34G   0.02094   0.02297         0    0.0885  0.005733    0.1381       216       640    0.8931    0.8426    0.9298     0.699   0.01877   0.01235         0
   239/299     6.34G   0.02089   0.02302         0   0.08882  0.005744    0.1385       196       640    0.8948    0.8429      0.93     0.699   0.01877   0.01235         0
   240/299     6.34G   0.02107   0.02315         0    0.0889  0.005738    0.1389       256       640    0.8968    0.8413    0.9298    0.6995   0.01876   0.01235         0
   241/299     6.34G   0.02114   0.02329         0   0.09074  0.005774    0.1409       213       640    0.8959    0.8421    0.9302    0.6995   0.01876   0.01235         0
   242/299     6.34G   0.02176   0.02393         0   0.09396  0.005817    0.1455       257       640    0.8978    0.8394    0.9302    0.6992   0.01877   0.01235         0
   243/299     6.34G   0.02128   0.02344         0   0.09141  0.005764    0.1419       193       640    0.8748    0.8605    0.9301    0.6993    0.0188   0.01237         0
   244/299     6.34G   0.02101   0.02308         0   0.08936  0.005731    0.1392       206       640    0.8936     0.843    0.9304    0.6998   0.01882   0.01238         0
   245/299     6.34G   0.02093    0.0231         0   0.08906  0.005741    0.1388       210       640    0.8914     0.845    0.9308    0.6999   0.01882   0.01237         0
   246/299     6.34G   0.02094   0.02303         0   0.08921  0.005711    0.1389       195       640    0.8903    0.8472    0.9307    0.7001   0.01882   0.01237         0
   247/299     6.34G   0.02085   0.02291         0   0.08809  0.005697    0.1375       217       640    0.8907    0.8462    0.9301       0.7   0.01882   0.01237         0
   248/299     6.34G   0.02118    0.0232         0   0.08913  0.005725    0.1392       223       640    0.8946    0.8428    0.9301    0.6996   0.01882   0.01237         0
   249/299     6.34G   0.02102   0.02309         0   0.08888  0.005695    0.1387       175       640    0.8888    0.8467    0.9298    0.6991   0.01883   0.01238         0
   250/299     6.34G   0.02071    0.0229         0   0.08747  0.005689    0.1368       177       640    0.8927     0.843    0.9298    0.6992   0.01882   0.01237         0
   251/299     6.34G   0.02086   0.02309         0   0.08832  0.005681     0.138       207       640    0.8894    0.8467    0.9295    0.6992   0.01881   0.01237         0
   252/299     6.34G   0.02072   0.02277         0   0.08811  0.005664    0.1373       244       640     0.893    0.8438      0.93    0.6993    0.0188   0.01236         0
   253/299     6.34G   0.02068   0.02268         0   0.08758  0.005664    0.1366       240       640    0.8934    0.8435    0.9301    0.6996   0.01878   0.01236         0
   254/299     6.34G   0.02083   0.02304         0   0.08858  0.005677    0.1381       243       640    0.8881    0.8474    0.9306    0.7002   0.01876   0.01235         0
   255/299     6.34G   0.02061    0.0228         0   0.08709   0.00566    0.1362       213       640    0.8841    0.8512    0.9301    0.7002   0.01874   0.01234         0
   256/299     6.34G   0.02081   0.02299         0   0.08728  0.005658    0.1367       237       640    0.8862    0.8495    0.9303    0.7005   0.01873   0.01234         0
   257/299     6.34G   0.02073   0.02292         0   0.08784  0.005659    0.1371       219       640    0.8858    0.8509    0.9304    0.7007   0.01872   0.01234         0
   258/299     6.34G   0.02067   0.02277         0    0.0872  0.005641    0.1363       215       640    0.8908    0.8463    0.9302     0.701   0.01871   0.01233         0
   259/299     6.34G   0.02066   0.02279         0   0.08696  0.005638     0.136       174       640    0.8901    0.8479    0.9303    0.7009    0.0187   0.01233         0
   260/299     6.34G   0.02064   0.02279         0   0.08702  0.005625    0.1361       243       640    0.8894    0.8479    0.9304    0.7012    0.0187   0.01233         0
   261/299     6.34G   0.02063    0.0227         0   0.08661  0.005626    0.1356       240       640    0.8885    0.8497    0.9308    0.7008    0.0187   0.01233         0
   262/299     6.34G   0.02063   0.02278         0   0.08712  0.005625    0.1362       233       640     0.874    0.8626    0.9306     0.701    0.0187   0.01233         0
   263/299     6.34G   0.02083     0.023         0   0.08834  0.005659    0.1378       190       640    0.8697    0.8659    0.9305    0.7013    0.0187   0.01234         0
   264/299     6.34G   0.02073   0.02302         0   0.08753  0.005635    0.1369       229       640    0.8725    0.8629    0.9305    0.7016   0.01871   0.01234         0
   265/299     6.34G   0.02064   0.02284         0   0.08694  0.005631    0.1361       212       640    0.8688    0.8661    0.9303    0.7022   0.01872   0.01234         0
   266/299     6.34G   0.02059   0.02286         0   0.08652  0.005613    0.1356       192       640    0.8746      0.86    0.9299    0.7005   0.01875   0.01237         0
   267/299     6.34G    0.0206   0.02286         0   0.08634  0.005618    0.1354       201       640    0.8728    0.8604    0.9291    0.7001   0.01876   0.01237         0
   268/299     6.34G   0.02062   0.02287         0   0.08684  0.005606    0.1359       187       640    0.8928    0.8412    0.9292    0.6998   0.01877   0.01237         0
   269/299     6.34G   0.02062   0.02275         0   0.08632  0.005609    0.1353       192       640    0.8757    0.8562    0.9289    0.6996   0.01877   0.01237         0
   270/299     6.34G   0.02041   0.02256         0   0.08549  0.005576     0.134       199       640    0.8844    0.8479    0.9291       0.7   0.01876   0.01236         0
   271/299     6.34G   0.02037   0.02253         0   0.08501  0.005577    0.1335       216       640    0.8721    0.8607    0.9292    0.7004   0.01876   0.01236         0
   272/299     6.34G   0.02034    0.0225         0   0.08496  0.005568    0.1334       246       640    0.8704    0.8624    0.9287       0.7   0.01875   0.01236         0
   273/299     6.34G   0.02042   0.02261         0   0.08562  0.005578    0.1342       168       640    0.8737      0.86     0.929       0.7   0.01875   0.01235         0
   274/299     6.34G   0.02044    0.0227         0   0.08599  0.005581    0.1347       211       640     0.871    0.8627    0.9286    0.7002   0.01874   0.01235         0
   275/299     6.34G   0.02034    0.0225         0   0.08502   0.00557    0.1334       227       640    0.8729    0.8611    0.9285    0.7009   0.01874   0.01235         0
   276/299     6.34G    0.0204   0.02249         0   0.08531  0.005572    0.1338       195       640     0.878    0.8558    0.9286    0.7009   0.01873   0.01235         0
   277/299     6.34G   0.02025   0.02257         0   0.08464  0.005557     0.133       214       640    0.8707    0.8629    0.9289     0.701   0.01872   0.01234         0
   278/299     6.34G   0.02038   0.02259         0   0.08536  0.005557    0.1339       193       640    0.8698     0.864     0.929    0.7013   0.01871   0.01234         0
   279/299     6.34G   0.02019   0.02242         0   0.08424   0.00555    0.1324       195       640    0.8716    0.8623    0.9287    0.7015   0.01871   0.01233         0
   280/299     6.34G   0.02034   0.02258         0   0.08479  0.005543    0.1333       199       640    0.8716    0.8626     0.929    0.7013    0.0187   0.01233         0
   281/299     6.34G    0.0203   0.02251         0   0.08473  0.005554    0.1331       207       640    0.8712    0.8617    0.9292    0.7012   0.01869   0.01233         0
   282/299     6.34G   0.02033   0.02256         0   0.08532  0.005553    0.1338       177       640    0.8783     0.855    0.9289    0.7014   0.01868   0.01232         0
   283/299     6.34G   0.02047   0.02266         0   0.08549  0.005551    0.1342       239       640    0.8788    0.8553    0.9291    0.7014   0.01868   0.01231         0
   284/299     6.34G   0.02041   0.02259         0   0.08521  0.005548    0.1338       201       640    0.8764    0.8574    0.9295    0.7017   0.01867   0.01231         0
   285/299     6.34G   0.02029   0.02242         0   0.08473  0.005539     0.133       238       640    0.8782    0.8564    0.9295     0.702   0.01867   0.01231         0
   286/299     6.34G   0.02033   0.02255         0   0.08485  0.005536    0.1333       196       640    0.8766    0.8579    0.9294    0.7014   0.01866   0.01231         0
   287/299     6.34G   0.02025   0.02235         0   0.08411  0.005525    0.1322       192       640     0.876    0.8591      0.93    0.7021   0.01866    0.0123         0
   288/299     6.34G   0.02033   0.02252         0   0.08485  0.005528    0.1332       230       640    0.8813    0.8531    0.9296    0.7021   0.01865    0.0123         0
   289/299     6.34G   0.02017   0.02243         0   0.08443  0.005518    0.1326       244       640     0.873    0.8614    0.9298    0.7021   0.01865    0.0123         0
   290/299     6.34G   0.02046   0.02271         0   0.08535  0.005539    0.1341       248       640    0.8753    0.8589    0.9295    0.7021   0.01865    0.0123         0
   291/299     6.34G   0.02023   0.02242         0   0.08441   0.00551    0.1326       184       640    0.8741    0.8607    0.9296     0.702   0.01864    0.0123         0
   292/299     6.34G   0.02018   0.02244         0   0.08441  0.005514    0.1325       213       640    0.8746    0.8618    0.9298    0.7024   0.01863    0.0123         0
   293/299     6.34G   0.02039   0.02257         0   0.08591  0.005533    0.1344       222       640    0.8733    0.8624    0.9296    0.7026   0.01862   0.01229         0
   294/299     6.34G    0.0204   0.02264         0   0.08491  0.005514    0.1335       223       640    0.8789    0.8573    0.9299    0.7031   0.01861   0.01228         0
   295/299     6.34G   0.02026   0.02242         0    0.0845  0.005511    0.1327       225       640    0.8752    0.8612      0.93    0.7039   0.01861   0.01228         0
   296/299     6.34G   0.02015   0.02249         0   0.08369  0.005507    0.1318       204       640    0.8732    0.8632    0.9301    0.7041    0.0186   0.01228         0
   297/299     6.34G   0.02032   0.02261         0    0.0843  0.005512    0.1327       226       640    0.8746    0.8607    0.9301    0.7037   0.01859   0.01227         0
   298/299     6.34G   0.02038    0.0225         0    0.0848  0.005515    0.1332       246       640    0.8744     0.861    0.9306    0.7038   0.01858   0.01227         0
   299/299     6.34G   0.02031   0.02249         0   0.08458  0.005522    0.1329       218       640    0.8759    0.8596    0.9302    0.7036   0.01857   0.01227         0
